0.0013068799
0.0031076215
0.0036457885
0.0037099618
0.0059112061
0.0068346121
0.0073721509
0.0077409385
0.0098924132
0.0099326594
0.0100913065
0.0104014696
0.0111303827
0.0117067705
0.0142788964
0.0149255430
0.0153298180
0.0166334678
0.0182261837
0.0183038534
0.0185513680
0.0190602554
0.0207523573
0.0213780613
0.0227817704
0.0244008496
0.0254685755
0.0263038832
0.0264264624
0.0270242515
0.0271990178
0.0278438863
0.0278995847
0.0281143457
0.0287204593
0.0295985039
0.0318616398
0.0321737677
0.0331877804
0.0338277992
0.0351232347
0.0384594324
0.0411870682
0.0414172472
0.0430451419
0.0433641842
0.0434457550
0.0450014663
0.0452663971
0.0455735310
0.0467649235
0.0470042671
0.0473003304
0.0475564323
0.0477841072
0.0485927399
0.0513601819
0.0550632702
0.0557640963
0.0566536719
0.0578794910
0.0595225589
0.0596294880
0.0604248140
0.0613867132
0.0615666550
0.0619380604
0.0631230076
0.0648595474
0.0673509965
0.0686867207
0.0689526983
0.0693012429
0.0716646871
0.0734465347
0.0734989943
0.0754948294
0.0755108880
0.0756788015
0.0759870633
0.0766804069
0.0775335734
0.0796599018
0.0801457280
0.0804367237
0.0861196741
0.0889385865
0.0894540427
0.0899339392
0.0904507357
0.0917714269
0.0925195081
0.0931000604
0.0932116045
0.0939809406
0.0947567901
0.0972501432
0.0973556894
0.0985476971
0.0989804479
0.0989804479
0.0989804479
0.0989804479
0.0989804479
0.0989804479
0.0989804479
0.0989804479
0.0989804479
0.0989804479
0.0989804479
0.2030027243
0.2052241590
0.2145016431
0.2147525705
0.2183381811
0.2198497672
0.2222932736
0.2228680228
0.2243096631
0.2270242508
0.2275780384
0.2283387574
0.2287639568
0.2298588055
0.2472667115
0.2505763101
0.2515807557
0.2567086357
0.2574164258
0.2584101660
0.2606517421
0.2632807694
0.2633303562
0.2637740819
0.2659697208
0.2719113241
0.2742990210
0.2791760806
0.2823950619
0.2878283997
0.2902443968
0.2923005171
0.2927099471
0.2995389699
0.2997940876
0.3006854447
0.3038439208
0.3061065913
0.3094792388
0.3120603128
0.3129835283
0.3156445945
0.3192393148
0.3217004959
0.3293939470
0.3300287214
0.3344351266
0.3358405359
0.3399025606
0.3439930087
0.3460886117
0.3536016440
0.3583069988
0.3645922743
0.3659956744
0.3680151425
0.3710607634
0.3759783442
0.3773375956
0.3773651741
0.3789512369
0.3808619675
0.3813370087
0.3817458156
0.3864342918
0.3877038980
0.3920817378
0.3926009816
0.3942952973
0.3975687895
0.3997334722
0.4014038521
0.4045246366
0.4084342645
0.4087695934
0.4116521240
0.4121412499
0.4125137872
0.4130896951
0.4177203960
0.4219139460
0.4291230014
0.4340737067
0.4400351396
0.4413555082
0.4431116176
0.4471189690
0.4494214362
0.4497956845
0.4502407561
0.4529180397
0.4580620120
0.4601637006
0.4609279327
0.4652546784
0.4857917409
0.4918836575
0.4946159863
0.4974002979
0.4998742964
0.4998742964
0.4998742964
0.4998742964
0.4998742964
0.4998742964
0.4998742964
0.4998742964
0.4998742964
0.4998742964
0.4998742964
0.4014609977
0.4070121649
0.4081156302
0.4115425355
0.4148877129
0.4201912295
0.4234103381
0.4252929740
0.4279827187
0.4380342751
0.4394242990
0.4411855054
0.4436054140
0.4450458890
0.4536245544
0.4617808108
0.4763698773
0.4780862944
0.4786462336
0.4787037063
0.4816943114
0.4835257457
0.4844212403
0.4870393679
0.4874555766
0.4903869224
0.4954727048
0.4984210079
0.4995282573
0.5216019215
0.5230795046
0.5234780240
0.5238474874
0.5302140678
0.5353165654
0.5398231123
0.5425748969
0.5436508288
0.5493380991
0.5578747668
0.5754889601
0.5768876513
0.5769213194
0.5783308889
0.5977394287
0.6073662647
0.6132055498
0.6251277367
0.6321104129
0.6325740759
0.6362644968
0.6401144147
0.6406828920
0.6428082960
0.6538217205
0.6566231802
0.6644131868
0.6665560555
0.6688346924
0.6713880828
0.6742994280
0.6744705552
0.6947431095
0.6968383880
0.6996182382
0.7118288020
0.7392339884
0.7414988290
0.7473350576
0.7490506432
0.7490746253
0.7519778179
0.7577593363
0.7601741075
0.7617852251
0.7651652534
0.7689925541
0.7724038666
0.7724579761
0.7925308187
0.7956292494
0.7969591017
0.8087865800
0.8116489190
0.8137097181
0.8141209975
0.8215815028
0.8230139281
0.8236629979
0.8276586970
0.8301217639
0.8325464991
0.8356332183
0.8395098527
0.8436192986
0.8486059998
0.8592446280
0.8642861404
0.8652283567
0.8789927525
0.8789927525
0.8789927525
0.8789927525
0.8789927525
0.8789927525
0.8789927525
0.8789927525
0.8789927525
0.8789927525
0.8789927525
0.6005489662
0.6051374056
0.6126378372
0.6245384666
0.6285177259
0.6427585591
0.6485481113
0.6542875481
0.6575806873
0.6677890934
0.6687307502
0.6694001326
0.6724095847
0.6785384354
0.6905998020
0.7135142978
0.7220221113
0.7494711153
0.7494711957
0.7516788619
0.7540633029
0.7551574504
0.7672179128
0.7699794573
0.7709377273
0.7727144845
0.7786931000
0.8060837306
0.8150141710
0.8230171511
0.8235280067
0.8272272176
0.8287470518
0.8292752028
0.8491314272
0.8572628102
0.8594061543
0.8610107309
0.8639728567
0.8756379580
0.8837113191
0.8997720866
0.9010805283
0.9201569439
0.9206829780
0.9281846851
0.9351200231
0.9352938106
0.9499532670
0.9503251644
0.9546508176
0.9547684515
0.9583739623
0.9629128529
0.9642297403
0.9689210684
0.9798921559
0.9801462278
0.9894773011
0.9958007283
1.0092610028
1.0144610974
1.0199234315
1.0246310285
1.0592542456
1.0610305411
1.0662801028
1.0685498803
1.0731605519
1.0747823764
1.0749901486
1.0750298291
1.0863902174
1.0886174298
1.0892210473
1.1030525006
1.1079144543
1.1134126517
1.1148609827
1.1155851553
1.1176497126
1.1224816320
1.1244708099
1.1394619615
1.1540414015
1.1577317288
1.1579009155
1.1580307157
1.1807615213
1.2045083066
1.2232018792
1.2281491925
1.2319550293
1.2516503965
1.2652283241
1.2806228004
1.2826521975
1.2841984427
1.2871665637
1.2962076080
1.2962076080
1.2962076080
1.2962076080
1.2962076080
1.2962076080
1.2962076080
1.2962076080
1.2962076080
1.2962076080
1.2962076080
0.8110194288
0.8168736705
0.8342000814
0.8509388020
0.8575826295
0.8668827965
0.8824642507
0.8933604506
0.9493942456
0.9504106554
0.9566995243
0.9658526735
0.9821481644
0.9862820230
0.9881743254
0.9915889619
1.0010424979
1.0031240860
1.0111252526
1.0111347140
1.0289801424
1.0378774113
1.0468544529
1.0485537871
1.0510024941
1.0764860527
1.0841048926
1.0895388825
1.0918933241
1.0924075838
1.1010330103
1.1060187661
1.1211394065
1.1309754256
1.1323569801
1.1520396900
1.1592957579
1.1613684515
1.1821071920
1.1901568323
1.1914898374
1.1933784019
1.1940322194
1.2016422738
1.2018672561
1.2140547348
1.2305333950
1.2349947826
1.2479928373
1.2511329866
1.2553614389
1.2638319312
1.2748260525
1.2823822360
1.2874639751
1.2926168404
1.2946005121
1.2969862305
1.3090318646
1.3151163290
1.3232653593
1.3357782300
1.3744014679
1.3749019010
1.3749878077
1.3806031958
1.3933040620
1.4011615888
1.4036082538
1.4087680504
1.4121226672
1.4145641633
1.4147773691
1.4165904765
1.4203233563
1.4513307138
1.4515549166
1.4646781460
1.4720118528
1.4832321317
1.4891550129
1.5009029026
1.5035088854
1.5054258466
1.5101738630
1.5106436830
1.5210221016
1.5291084793
1.5298596795
1.5308487196
1.5412601226
1.5613544861
1.5932291382
1.6055482991
1.6086949153
1.6221881994
1.6436703750
1.6495867979
1.6793857296
1.6881955276
1.6881955276
1.6881955276
1.6881955276
1.6881955276
1.6881955276
1.6881955276
1.6881955276
1.6881955276
1.6881955276
1.6881955276
1.0044161802
1.0306996128
1.0312782955
1.0339229450
1.0371094679
1.0693984668
1.0740631332
1.0897943713
1.0906102257
1.0925180518
1.1058342519
1.1127947408
1.1257641534
1.1281209634
1.1366185571
1.1480687146
1.1512153103
1.1550132970
1.1610643282
1.1673769096
1.1994151931
1.2111079718
1.2121691331
1.2217949003
1.2301106550
1.2310976598
1.2330325432
1.2376630329
1.2387227848
1.2478411305
1.2993754297
1.3037165312
1.3099133087
1.3459780024
1.3857316322
1.3857432573
1.3966604418
1.4025206243
1.4064801366
1.4129497460
1.4215181666
1.4669293426
1.4715066366
1.4909696147
1.4951642440
1.4974894104
1.5220844747
1.5296994070
1.5407341510
1.5578288562
1.5696113393
1.5763377874
1.5853290801
1.5909403975
1.6099823471
1.6487156063
1.6974909074
1.6985733815
1.7064298984
1.7206483873
1.7235580741
1.7324533892
1.7329650917
1.7422929170
1.7446912320
1.7508353323
1.7574343119
1.7610544383
1.7630445811
1.7731746560
1.7837221495
1.7920991633
1.7921616259
1.8121249090
1.8150069084
1.8260659405
1.8342311083
1.8734704182
1.8764594831
1.8767724301
1.8837469999
1.8961489080
1.8969577604
1.9004531271
1.9055515733
1.9075405574
1.9321390833
1.9322928092
1.9462086078
1.9653936000
1.9669565589
1.9752205810
1.9943181742
2.0048884040
2.0215335115
2.0348514769
2.0457549843
2.0735503268
2.0956452265
2.0972614898
2.0972614898
2.0972614898
2.0972614898
2.0972614898
2.0972614898
2.0972614898
2.0972614898
2.0972614898
2.0972614898
2.0972614898
1.2017868600
1.2289399360
1.2296804855
1.2312205186
1.2415375310
1.2532507874
1.2650096075
1.2800052290
1.2825588426
1.3279185768
1.3447592726
1.3594759702
1.3660158752
1.3833255826
1.4222887621
1.4341246702
1.4393219429
1.4541332191
1.5095382212
1.5200976827
1.5462976979
1.5500523042
1.5739111762
1.5817631328
1.5939824156
1.6066773721
1.6251597458
1.6496702588
1.6542661514
1.6647259359
1.6740627581
1.7048204711
1.7056241578
1.7179408207
1.7418798430
1.7638690392
1.7728288527
1.8052223611
1.8080850301
1.8112336062
1.8470549534
1.8642163510
1.8724270356
1.8886379396
1.8945090118
1.9038221404
1.9538667874
1.9554806954
1.9637605868
1.9800351732
1.9805911318
1.9811486735
1.9919193744
1.9950004684
1.9971392268
2.0020294162
2.0097537767
2.0151813952
2.0196503948
2.0311854931
2.0322735912
2.0325327448
2.0391330060
2.0489655697
2.0522227906
2.0721719392
2.0968795657
2.0969091979
2.1399320521
2.1437689113
2.1569944658
2.1707527410
2.1843395397
2.1889692296
2.2134763249
2.2340329369
2.2497807159
2.2629387235
2.2689546104
2.2729503548
2.2951304059
2.2977512144
2.3056093382
2.3188988943
2.3606003012
2.3650982121
2.3674900275
2.3729629180
2.3763136814
2.3933004762
2.4044188341
2.4045122205
2.4062081654
2.4123471281
2.4355645787
2.4380576129
2.4496437978
2.4499857273
2.4904944448
2.4921856066
2.4921856066
2.4921856066
2.4921856066
2.4921856066
2.4921856066
2.4921856066
2.4921856066
2.4921856066
2.4921856066
2.4921856066
1.4017130103
1.4044307007
1.4082356035
1.4254446122
1.4293781171
1.4799749404
1.5139506650
1.5174661622
1.5214350757
1.5264536475
1.5288761356
1.5313695620
1.5439703832
1.5591913202
1.5985461366
1.6403689700
1.6442137042
1.6444169397
1.6485103729
1.6567897119
1.6840128935
1.6964851262
1.7045219467
1.7185424224
1.7298322769
1.7499229886
1.7580537483
1.7646923454
1.7709085026
1.7795090386
1.7927781734
1.7983891425
1.8060345481
1.8267490502
1.8537992951
1.8826272853
1.8898900435
1.9322996511
1.9447726394
1.9517626645
1.9647770451
1.9690842210
2.0192032465
2.0217463611
2.0285289374
2.0385217308
2.0706114471
2.0786002155
2.0816897566
2.0907579086
2.1930213258
2.2161469818
2.2195849030
2.2218568287
2.2310027566
2.2614521903
2.2632272041
2.2648771069
2.2733274388
2.2765576237
2.2783905920
2.2840559246
2.2965994134
2.3129959070
2.3192381291
2.3282587088
2.3324704263
2.3644841716
2.3675456783
2.3699470481
2.4227655806
2.4303209976
2.4361503087
2.4667588297
2.4948734278
2.5074825953
2.5388730691
2.5718411593
2.5743109140
2.5934496685
2.5947393222
2.5957203139
2.5967166996
2.6208139187
2.6443172979
2.6797915159
2.7144164520
2.7282068846
2.7386257082
2.7418587580
2.7425946378
2.7598243490
2.7615970095
2.8087946305
2.8156010847
2.8275784375
2.8418197433
2.8554266404
2.8694311832
2.8779141865
2.8779141865
2.8779141865
2.8779141865
2.8779141865
2.8779141865
2.8779141865
2.8779141865
2.8779141865
2.8779141865
2.8779141865
1.6070851228
1.6077146020
1.6197652119
1.6599954280
1.6625725452
1.6809896080
1.6897821622
1.7581294059
1.7706213038
1.7753591850
1.7789209719
1.7847387125
1.8064991864
1.8116677370
1.8415285630
1.8450099625
1.8652806977
1.8998733083
1.9097072253
1.9439097214
1.9720594506
1.9730990736
2.0074334487
2.0339097555
2.0368073897
2.0417594286
2.1055826449
2.1112393802
2.1195265105
2.2151504228
2.2161283670
2.2321947406
2.2394193712
2.2537581121
2.2644088758
2.2726973417
2.3296367089
2.3795066958
2.3915415606
2.3998875021
2.4303075062
2.4338862883
2.4436962841
2.4571681201
2.4615180777
2.4631449518
2.4727704290
2.5226403405
2.5280528233
2.5294993802
2.5458128111
2.5465222121
2.5776857584
2.5908449757
2.6012424910
2.6069982531
2.6243783151
2.6485198204
2.6733266314
2.6913626148
2.6948007986
2.7392537777
2.7447771997
2.7545568464
2.7780928576
2.7925798129
2.8026435013
2.8086458734
2.8378505705
2.8423984234
2.8547750844
2.8626845715
2.8710969227
2.9016733064
2.9196792684
2.9436472471
2.9452748135
2.9529987508
2.9614845079
2.9641956363
2.9665374355
2.9815076822
2.9912309951
2.9950066707
3.0010668038
3.0266429111
3.0538847490
3.0761240746
3.0874095639
3.0924103109
3.0968840796
3.1029177089
3.1223079037
3.1285615178
3.1393543750
3.1524646047
3.2388806734
3.2723761522
3.2753103019
3.2912766093
3.2912766093
3.2912766093
3.2912766093
3.2912766093
3.2912766093
3.2912766093
3.2912766093
3.2912766093
3.2912766093
3.2912766093
1.8141013914
1.8470284754
1.8941845219
1.8966948296
1.9053367232
1.9716610037
1.9996466235
2.0134905679
2.0340656445
2.0686303095
2.0694360923
2.0763112103
2.1162221092
2.1523350428
2.1536128472
2.1749481303
2.1772547925
2.2024084195
2.2260835943
2.2389103611
2.2439994199
2.2581498180
2.2643199159
2.3107245421
2.3398657568
2.3553423855
2.3605564190
2.3751956187
2.3855536771
2.3873375953
2.4043231410
2.4373077827
2.4570662147
2.5033816487
2.5262382556
2.5308996942
2.5531264226
2.5750041729
2.5791671126
2.5997727946
2.6010747878
2.6290384887
2.6309651018
2.6389371650
2.6581621508
2.6910991879
2.7225447004
2.7286877551
2.7415753634
2.7770655486
2.7996515024
2.8250637721
2.8341885589
2.8459512830
2.8744581767
2.8888873301
2.8982465573
2.9148578644
2.9295720730
2.9341864294
2.9565362565
2.9678921392
2.9768312969
2.9822334649
2.9846843320
3.0232740690
3.0423929689
3.0702217183
3.0761236390
3.1521919085
3.1622510954
3.1827315718
3.1976414645
3.2059768274
3.2421309932
3.2614874927
3.2707884907
3.2775649538
3.2849322490
3.2883062211
3.2913358528
3.3069387151
3.3084618506
3.3188125603
3.3266910112
3.3505342132
3.3844041619
3.4049914126
3.4070407647
3.4096776679
3.4165040375
3.4674591804
3.4770414593
3.4902868279
3.5655888366
3.5758409217
3.5984997717
3.6118703389
3.6203742897
3.6304729979
3.6304729979
3.6304729979
3.6304729979
3.6304729979
3.6304729979
3.6304729979
3.6304729979
3.6304729979
3.6304729979
3.6304729979
2.0122394031
2.0340123957
2.0401706624
2.0539467142
2.0606374446
2.0905721669
2.1028406882
2.1537476822
2.1567551520
2.1883096392
2.1914307316
2.2244801781
2.2290255678
2.2462670884
2.2794667393
2.2961990810
2.3079331482
2.3183922977
2.3357854542
2.3468710219
2.3822731823
2.4439112033
2.4652258535
2.4814280158
2.5051735609
2.5059968802
2.5384501190
2.5777015009
2.5958664246
2.5990264749
2.6897854194
2.7334082402
2.7569030992
2.7908709298
2.8004764343
2.8084203914
2.8164668644
2.8466673418
2.8601174967
2.8934956348
2.9074653067
2.9462560187
2.9655531255
2.9768448005
2.9789609725
3.0372169620
3.0708802677
3.0842573180
3.1010576770
3.1232067391
3.1323768485
3.1473774385
3.1761364351
3.1826277456
3.1830053516
3.1968278971
3.2086595836
3.2269171862
3.2277848342
3.2644362839
3.2656689128
3.2758985811
3.3149670449
3.3310814689
3.3462339505
3.3592256868
3.3896338220
3.4200086456
3.4415097394
3.4481830027
3.4710848751
3.4908162014
3.5047454320
3.5304935605
3.5748366613
3.6032890738
3.6152173118
3.6369966706
3.6495557196
3.6733539514
3.6761979389
3.7242322040
3.7648284268
3.7672154157
3.8223435411
3.8483980326
3.8534572816
3.8921655998
3.9033185380
3.9613013352
3.9771528674
3.9873865365
4.0041636330
4.0112054072
4.0226112105
4.0265475471
4.0466466920
4.0679928280
4.0751525425
4.0797206027
4.0797206027
4.0797206027
4.0797206027
4.0797206027
4.0797206027
4.0797206027
4.0797206027
4.0797206027
4.0797206027
4.0797206027
2.2526701283
2.2547390821
2.2765846694
2.2857497923
2.2866099306
2.3006913071
2.3335041758
2.3340123717
2.3340680523
2.3455140873
2.4265952494
2.4269447244
2.4354906695
2.4673848856
2.4790285742
2.5247710469
2.5806569956
2.5844848683
2.5869631186
2.5987339592
2.6196253802
2.6200944245
2.6273034744
2.6283546910
2.6561174045
2.6647389146
2.6939258282
2.7060584800
2.7539654080
2.7973809753
2.8726553985
2.8999334622
2.9110162834
2.9268594160
2.9552290054
2.9587528146
2.9688467075
2.9829085713
2.9855985887
2.9925342619
3.0127019824
3.0127854751
3.0155954335
3.0275933775
3.0807585196
3.0893472687
3.1063312724
3.1982374875
3.2457440642
3.2615230041
3.2700985031
3.2848702010
3.2863695000
3.2921416716
3.3365881864
3.3705921403
3.4006554509
3.4036741023
3.4090855847
3.5086146610
3.5179596479
3.5490383574
3.5745935198
3.5868315034
3.6023014368
3.6498252435
3.6531119648
3.6778787647
3.7410674453
3.7594821604
3.7663227700
3.7844665077
3.7984284212
3.8070041170
3.8224818682
3.8379760665
3.8430704259
3.8609686763
3.9283448413
3.9287242602
3.9288057017
3.9974786768
4.0301913517
4.0369161557
4.0393540457
4.0938892629
4.1078373982
4.1477206424
4.1553856127
4.1646389006
4.1811956946
4.1904253287
4.2290720496
4.2548681606
4.2604884667
4.3000673230
4.3147223340
4.3582691839
4.3601081434
4.3837051262
4.3837051262
4.3837051262
4.3837051262
4.3837051262
4.3837051262
4.3837051262
4.3837051262
4.3837051262
4.3837051262
4.3837051262
2.4339355026
2.4345124196
2.4675793910
2.5143860866
2.5384830580
2.5436075185
2.5737523648
2.6137951957
2.6713740419
2.6844435643
2.7325709707
2.7355451714
2.7424756350
2.7444114276
2.7744173089
2.8118106295
2.8186485914
2.8698787355
2.8966196851
2.9153850070
2.9418686787
2.9636135356
3.0020791453
3.0887475078
3.1077011187
3.1481108609
3.1824902463
3.1979127759
3.2128685695
3.2688036172
3.2777416715
3.2851394703
3.3107734072
3.3699924950
3.3705539467
3.3708304807
3.3876750790
3.3974481668
3.4470952336
3.4644293999
3.4930427181
3.5063677629
3.5364395566
3.5367621483
3.5846947512
3.6090199372
3.6256175994
3.6347859403
3.6618117811
3.6756056778
3.7056150943
3.7151484363
3.7206470480
3.7532213312
3.7547616779
3.7557161124
3.7624008702
3.7786599866
3.7789416562
3.8064795714
3.8226013247
3.8381072050
3.8547100903
3.8579927692
3.8949416746
3.9474123101
3.9564023308
4.0042559794
4.0578149799
4.1134352078
4.1353969192
4.1417861781
4.1435758639
4.2144767914
4.2312268325
4.3059497396
4.4252745981
4.4378365037
4.4491331628
4.4808358356
4.5595934056
4.5808692607
4.5850749981
4.5865905792
4.6145639814
4.7018758712
4.7047040512
4.7239317880
4.7252012980
4.7334794303
4.7425268471
4.7495323643
4.7504251461
4.7668073118
4.7734452684
4.8012305516
4.8156532552
4.8319181905
4.8675743904
4.8857356276
4.8857356276
4.8857356276
4.8857356276
4.8857356276
4.8857356276
4.8857356276
4.8857356276
4.8857356276
4.8857356276
4.8857356276
2.6456800200
2.6690167619
2.7080901748
2.7242864601
2.7596082328
2.7805728302
2.7848467285
2.7913243326
2.8422439139
2.8613962678
2.8693611639
2.8707778264
2.8755795244
2.9447040045
2.9763526659
3.0619474506
3.0754096646
3.1167712785
3.1520508559
3.1734660504
3.1821792212
3.2294113013
3.2374136794
3.2475159934
3.2841623943
3.2877986475
3.3041595975
3.3113021716
3.3121814052
3.3186320196
3.3215950558
3.3497436625
3.3566620500
3.3625873954
3.3921236061
3.3968686670
3.4650260656
3.4926188900
3.5123986198
3.5213937243
3.5248991276
3.5487143059
3.6170844393
3.6433591141
3.6456922595
3.6640095892
3.7377614517
3.7845500056
3.7889489385
3.7994275522
3.8212424003
3.8235822261
3.8501728744
3.8892996561
3.8896231085
3.8951238082
3.9465899967
3.9892337188
3.9935177716
4.0279290667
4.0530360914
4.0699192652
4.0712059241
4.1532361975
4.1581211463
4.2570346625
4.2652390428
4.3331778654
4.3386512889
4.3832362880
4.3904230903
4.3942887454
4.4153179533
4.4650783765
4.4705888625
4.4723227691
4.4922761003
4.5186868962
4.5370998032
4.5793889577
4.6195898431
4.6383306896
4.7186285057
4.7657714961
4.7711205397
4.8607228690
4.8618650021
4.9638490130
5.0652995989
5.0721027816
5.0901058638
5.1261446439
5.1335506645
5.1758828070
5.1834907190
5.1878627066
5.1949789759
5.2108284897
5.2307651862
5.2794407081
5.2794407081
5.2794407081
5.2794407081
5.2794407081
5.2794407081
5.2794407081
5.2794407081
5.2794407081
5.2794407081
5.2794407081
2.8305307479
2.8478085442
2.8941918275
2.9012752503
2.9238032439
2.9545033849
3.0095896136
3.0421873861
3.0550667979
3.1084100482
3.1373590380
3.1495881945
3.2150797858
3.2322212078
3.2378575405
3.3032985879
3.3557211599
3.3716428066
3.3833486199
3.3890225093
3.4643070464
3.4650086337
3.4952351081
3.4973029390
3.5047340289
3.5567791288
3.5645431578
3.5965952418
3.6092934156
3.6356011157
3.6751432204
3.7764174853
3.7839612139
3.7861100579
3.8308502130
3.8429159418
3.8477728704
3.8783435291
3.9178802982
3.9251988155
3.9264892839
3.9333236962
3.9346079055
3.9958570899
4.0014741347
4.0079158330
4.0327821023
4.0397427445
4.0554301541
4.1027362529
4.1466485890
4.1713779680
4.1903547175
4.1987479820
4.2282006333
4.2679405471
4.2726211645
4.3562224308
4.4050775285
4.4058548499
4.4144639519
4.5549736360
4.5550866494
4.5755874607
4.6232300304
4.6849453509
4.7527959314
4.7630565410
4.8453894515
4.8791163106
4.8879420722
4.8992917027
4.9212105072
4.9550385667
5.0412596975
5.0636451741
5.0782883291
5.1196250293
5.1234853974
5.1602599942
5.1732851518
5.1802808706
5.2077743569
5.2413147462
5.2472410268
5.2759438597
5.3137336967
5.3330243832
5.3539534639
5.3771598727
5.4359656843
5.4526608962
5.5316220368
5.5426297391
5.5426556228
5.5822489690
5.6126538181
5.6334867443
5.6357639207
5.6494793814
5.6494793814
5.6494793814
5.6494793814
5.6494793814
5.6494793814
5.6494793814
5.6494793814
5.6494793814
5.6494793814
5.6494793814
3.0067369808
3.0824992419
3.1115268664
3.1343361209
3.1555629458
3.1578110063
3.1841840107
3.2071228452
3.2481041533
3.3122625779
3.3515329365
3.3881358096
3.4953382763
3.5560038031
3.6143440942
3.6491985195
3.6570045164
3.6837294816
3.6999186901
3.7075024640
3.7131441265
3.7345463097
3.7427095588
3.7833418603
3.7861653972
3.7888462560
3.8700389705
3.8716473143
3.8847783835
3.9105887168
3.9114347517
3.9142318947
3.9330094432
3.9923536903
4.0801992703
4.0848668702
4.1684345407
4.1690255262
4.1801984393
4.2912748987
4.4021302543
4.4160426350
4.4270237403
4.4323357683
4.4878130255
4.4880073262
4.5352800253
4.5375798746
4.5501754564
4.5673514549
4.5811572193
4.5870538335
4.7053687258
4.7183264187
4.8951356129
4.9852916802
5.1276407908
5.1600164485
5.1787606479
5.1886900077
5.2315042934
5.3320544394
5.3379635911
5.3516924476
5.3805739362
5.3834568937
5.4769751728
5.4785176451
5.4833830912
5.4914072527
5.5258708026
5.5391328163
5.5517357523
5.5520665332
5.5701450926
5.5769465632
5.5798238026
5.5957680648
5.6286309928
5.6321750672
5.6431742342
5.6940724430
5.7125861710
5.7413090573
5.7475704922
5.7901621729
5.8039943533
5.8393383452
5.8474139484
5.8520733609
5.8566190339
5.8679498104
5.9102479924
5.9575203509
5.9820630293
6.0196904672
6.0457350507
6.0500779984
6.0853283515
6.0891006039
6.0891006039
6.0891006039
6.0891006039
6.0891006039
6.0891006039
6.0891006039
6.0891006039
6.0891006039
6.0891006039
6.0891006039
3.2144152024
3.2725450613
3.3994962196
3.4091596937
3.4306926026
3.5399189264
3.5744018257
3.5926667593
3.6080452529
3.6145009180
3.6329291388
3.6713129618
3.6881078242
3.6991416369
3.7161216560
3.7513300256
3.7699093931
3.7857649764
3.8153394753
3.8487916134
3.8753981517
3.8821733990
3.8845145975
3.9689102335
4.0603781446
4.1235114318
4.1453752740
4.1548407713
4.2283201128
4.2716522629
4.2742754361
4.2777596223
4.2991507338
4.3082112945
4.3346420648
4.3751272112
4.3938407890
4.4415613944
4.4819540721
4.4874737460
4.5642532028
4.6249683936
4.6254488320
4.6399590383
4.6449891065
4.6710951472
4.7028382829
4.7196763827
4.7554212732
4.8677037806
4.8769340741
4.8769716956
4.9648144647
4.9708699595
4.9836770178
5.0211992528
5.0285204628
5.0698176287
5.0780629708
5.0805956929
5.1191869229
5.1348617593
5.1369507995
5.1378515513
5.1754234078
5.2530232672
5.3251848119
5.3793457661
5.3909251439
5.4703677797
5.4876540870
5.6260291014
5.6395906969
5.6788835788
5.6931951900
5.7216668625
5.7532326496
5.7538776390
5.7857690166
5.8022426867
5.8113456068
5.8242357450
5.8726210976
5.8896544342
5.9379576457
5.9583736896
5.9698014612
6.0166363433
6.0406330242
6.1189040690
6.1348911212
6.1647106300
6.2017594697
6.2404218094
6.2710313018
6.2924871386
6.3070072791
6.3567838153
6.3774314509
6.3847682403
6.3847682403
6.3847682403
6.3847682403
6.3847682403
6.3847682403
6.3847682403
6.3847682403
6.3847682403
6.3847682403
6.3847682403
3.4589260692
3.4798627347
3.4884959414
3.5484910623
3.5578614730
3.5671579294
3.5873659772
3.5939308687
3.6204394830
3.6594976410
3.6627989095
3.7189878623
3.7686558794
3.8462260487
3.8753895625
3.9118102193
3.9130615846
3.9431810116
3.9782504384
4.0000536064
4.0332007751
4.0452286575
4.0980173332
4.0990171178
4.1198996945
4.1329582392
4.1438099134
4.1592258524
4.1856833136
4.2465470825
4.2547635640
4.2612799027
4.3544060160
4.3652291860
4.3808778060
4.3866229527
4.3906201480
4.4561026933
4.5606709874
4.5901385268
4.7239721120
4.8893397326
4.8903737556
4.9468641592
4.9684374717
5.0222529734
5.0225694702
5.0242095762
5.0755837286
5.1667580211
5.1754315123
5.1856907015
5.2164528275
5.2284628215
5.2595751088
5.3123301883
5.3559711382
5.3783473797
5.3805343560
5.4132423283
5.4353615917
5.4364333971
5.5676946896
5.6109040676
5.6539365934
5.6891628923
5.7369377664
5.7637258826
5.7840820049
5.7914613414
5.7969331931
5.8319017554
5.8525057916
5.9535838757
6.0282899335
6.0420794219
6.0560221550
6.0570107247
6.0774117864
6.0894233196
6.2317169726
6.2605105942
6.2743056994
6.3330753156
6.4818337166
6.5099392574
6.5213427036
6.5255784734
6.5569813804
6.5997789978
6.6024127038
6.6270716184
6.6475773898
6.6505609344
6.7113335175
6.7151282674
6.7999046915
6.8225829363
6.8769505283
6.8784274240
6.8784274240
6.8784274240
6.8784274240
6.8784274240
6.8784274240
6.8784274240
6.8784274240
6.8784274240
6.8784274240
6.8784274240
3.6054156098
3.6465892036
3.6536900085
3.6603935359
3.6927940498
3.7860900392
3.8064364567
3.8283551216
3.8708981919
3.8711991231
3.8914030425
3.9659486903
3.9781975373
4.0168682466
4.0878025486
4.1146164310
4.1243782534
4.2105656159
4.2946718364
4.3000380510
4.3285726254
4.3515846487
4.3517845248
4.4038469081
4.4428768712
4.4794032878
4.5071204223
4.5231715127
4.5249726869
4.5554511609
4.5575271062
4.6047219936
4.6071439409
4.6186246285
4.6759427405
4.7025720730
4.7390523018
4.7656781605
4.8058757823
4.8296352862
4.8990254092
4.9315286116
4.9324710535
5.0527419689
5.1062309588
5.1243622450
5.1330138360
5.1662254756
5.1804372279
5.2175219429
5.2666174100
5.2907958129
5.4203363307
5.5011609612
5.5214654806
5.5586216042
5.6209909809
5.6246260863
5.6399697123
5.6588373513
5.6645092430
5.6950516356
5.7947821868
5.8086905615
5.8307708165
5.8465596208
5.8816449112
5.9198920495
5.9644216589
5.9913279267
6.1229836721
6.1291637114
6.1399975057
6.2018373577
6.2116982634
6.2383635774
6.2949699024
6.3125502836
6.3548610879
6.3816193662
6.4112737053
6.4308227532
6.5235255900
6.6043846861
6.6157926874
6.6927277104
6.7073128449
6.7339472533
6.7965074995
6.9406001152
6.9937551115
7.0435431283
7.1567594643
7.1608395723
7.1771582058
7.1791650119
7.2132213343
7.2262186197
7.2937913031
7.2983039586
7.2983039586
7.2983039586
7.2983039586
7.2983039586
7.2983039586
7.2983039586
7.2983039586
7.2983039586
7.2983039586
7.2983039586
3.8010732728
3.8025422267
3.8030840376
3.8402152409
3.8414695659
3.8554857154
3.9211113936
3.9400308976
3.9445415676
4.0896362473
4.0986532625
4.1078319656
4.1274790833
4.1881948601
4.3400382109
4.3896691659
4.3909225705
4.5128906051
4.5602918129
4.5647536798
4.5993680100
4.6120648636
4.6575491527
4.6636001091
4.6740486537
4.6834624968
4.7923404110
4.8560900644
4.8748041287
4.9077859019
4.9707988312
5.0251104234
5.1569988274
5.2188760789
5.2826482557
5.2873543276
5.3082549561
5.3082630060
5.3269183352
5.3823183869
5.4411389650
5.4646115019
5.4974237537
5.5053571450
5.8649673077
5.9120445518
5.9334306660
5.9422104645
6.1785904856
6.2007085267
6.2030271930
6.2335448773
6.2402481901
6.2507930781
6.3147499271
6.3277531329
6.3395070450
6.3419506648
6.3860710820
6.4274085103
6.4274211938
6.4489754637
6.5904084121
6.5998952709
6.6173761619
6.6308800814
6.6325443595
6.7373541672
6.7672764330
6.7804724074
6.7909052631
6.7982572448
6.8141624946
6.8232823224
6.8303991768
6.9196456104
6.9274638896
6.9293250616
6.9886312530
7.0447280555
7.0465764389
7.0910158663
7.2009600579
7.3847110433
7.3859618733
7.4108674629
7.4159817821
7.4292860863
7.4519903770
7.4678639054
7.4812398161
7.5553029761
7.5645586503
7.5758776308
7.5871757821
7.6335404219
7.6458040090
7.6679082479
7.6729411689
7.6837805535
7.6837805535
7.6837805535
7.6837805535
7.6837805535
7.6837805535
7.6837805535
7.6837805535
7.6837805535
7.6837805535
7.6837805535
4.0129981699
4.0149908141
4.0545767490
4.0639395449
4.0810614466
4.1567815896
4.2006743234
4.2421090022
4.2524230509
4.2754189383
4.2859191075
4.3547009014
4.3618410334
4.4224646830
4.4962536741
4.5049769192
4.5282305574
4.5516352669
4.5910569733
4.6601336992
4.7221688471
4.7911235223
4.8276988978
4.9118652680
4.9296335813
4.9519916876
5.0326334228
5.1223334444
5.1400092799
5.2180503982
5.2654566356
5.2669138141
5.3061192031
5.3225765553
5.3279375304
5.3994365269
5.4259112811
5.4448078708
5.4915974288
5.6600903030
5.7068008994
5.7200884980
5.7249553194
5.7340338670
5.7771628295
5.8450783913
5.9209282030
5.9683588253
5.9767231297
5.9965290455
6.1346572946
6.1681398842
6.2306297975
6.2478092579
6.2491011712
6.2590956895
6.3381916902
6.3472113509
6.4210723937
6.4216011829
6.4798439588
6.5591845344
6.5597190887
6.6850690935
6.7249634846
6.7383261724
6.7571155480
6.8099253197
6.8117732373
6.8707588847
6.8740369053
6.9896925865
7.1136690269
7.1184009941
7.1224691229
7.1526906026
7.1903516982
7.2839792938
7.3080448948
7.3241031606
7.3252595201
7.3253574767
7.4858913617
7.5605688470
7.6159524243
7.6173311483
7.6269420558
7.7698313711
7.7726659960
7.7849375640
7.8142406847
7.8546588130
7.8755335370
7.8877550366
7.9017401599
7.9402867651
7.9465130645
7.9569091766
8.0100732244
8.0633409223
8.0633409223
8.0633409223
8.0633409223
8.0633409223
8.0633409223
8.0633409223
8.0633409223
8.0633409223
8.0633409223
8.0633409223
4.2029789529
4.2805157376
4.3296693889
4.3415727690
4.3956629927
4.4144101490
4.5147187324
4.5365670030
4.5952650727
4.6443011290
4.8052657996
4.9717607202
5.0640009275
5.1732377483
5.2537807426
5.2660266713
5.2931439538
5.3421262023
5.3979128288
5.4101952840
5.4580715803
5.5819803699
5.6285479386
5.6755281285
5.6923296235
5.6994476390
5.7378612428
5.7412732258
5.7415955171
5.7765335531
5.8033550575
5.8439280886
5.8491717033
5.8745648081
5.9064727673
5.9068592920
5.9561632640
5.9580313145
5.9673036534
5.9794625503
6.0200981582
6.0292001651
6.0694292310
6.1516649628
6.1808482751
6.2000881993
6.2125311915
6.3156367280
6.4464443289
6.4490053814
6.4668012841
6.4807438023
6.4971544167
6.5272540505
6.5312747991
6.5404180628
6.5457745743
6.5572464935
6.6623768994
6.6706301397
6.7207271273
6.7538299398
6.7539569798
6.8303987648
7.0112748178
7.0355962113
7.0629297593
7.0973047676
7.1315645391
7.2356327828
7.2854835952
7.3125455458
7.4855147124
7.4966327504
7.5156810137
7.5209022119
7.5562404393
7.5721523481
7.5784109581
7.6295202130
7.6466167970
7.7068847473
7.7910322530
7.7919647511
7.8035183215
7.8701230445
7.8945213004
7.9003209975
7.9076233236
7.9841733462
8.0854107328
8.1315189183
8.1332701881
8.2170643027
8.2361481300
8.2718205393
8.3392697267
8.3883820184
8.4153742167
8.4356031854
8.4356031854
8.4356031854
8.4356031854
8.4356031854
8.4356031854
8.4356031854
8.4356031854
8.4356031854
8.4356031854
8.4356031854
4.4054498352
4.4153120075
4.4271836560
4.4526465790
4.5083522085
4.5594440932
4.5671240791
4.5682505111
4.5822766822
4.6102847458
4.6154861584
4.7368055200
4.7387101604
4.7618226399
4.8035161815
4.8634434531
4.8924668536
4.9674202800
5.0889485364
5.1268090790
5.2025369589
5.3090602521
5.3635905660
5.4043820662
5.4546016967
5.5141882394
5.5273426313
5.5321807193
5.5439243236
5.5530019692
5.6281257129
5.6935770234
5.7116602585
5.7125307793
5.7923807213
5.9197326329
5.9624063747
6.0963367619
6.1150229187
6.1161201644
6.1453928321
6.2070603723
6.3126924259
6.3132177736
6.3293262270
6.3607820441
6.5782229814
6.5817326340
6.6298187591
6.6307231867
6.7141277254
6.7518608789
6.7746555838
6.7986661017
6.8603835079
6.9296561433
6.9866521633
7.0241988675
7.2053177491
7.3267244967
7.3421629789
7.3501734334
7.3837090100
7.3867087766
7.3945159948
7.4776068791
7.4989219861
7.5012066493
7.5576273204
7.6526013611
7.7008825559
7.7331195439
7.7889907044
7.8013639854
7.8550362100
7.9384570349
7.9700415632
7.9922679881
8.0315726921
8.0466011763
8.0510091170
8.1594500387
8.2026342473
8.2516894833
8.3378153087
8.3523887800
8.4110442451
8.4705200493
8.5667191680
8.6320193384
8.6343422353
8.6624441492
8.6782141824
8.7159246121
8.7406687799
8.7670063108
8.7732956295
8.7934318389
8.8360043270
8.8751462713
8.8751462713
8.8751462713
8.8751462713
8.8751462713
8.8751462713
8.8751462713
8.8751462713
8.8751462713
8.8751462713
8.8751462713
4.6066830738
4.7113179157
4.7202847118
4.7483516099
4.7987295905
4.8188538113
4.9087760423
4.9540255046
5.0226901208
5.0330980819
5.1038827484
5.2884456409
5.3141215445
5.3939801191
5.4027074535
5.4962340853
5.5450397036
5.5608144093
5.5755850665
5.5903256433
5.6000339176
5.7122813125
5.7332946925
5.7334856602
5.7667205050
5.8373960524
5.8436664355
5.9384694685
5.9666916914
6.0427696443
6.0604374593
6.0681447885
6.1216666184
6.1470199190
6.1703799072
6.2313654575
6.2737635236
6.3146249175
6.3307018657
6.4215931850
6.4524952869
6.6183860809
6.6223234214
6.6297027946
6.6344461190
6.6775337755
6.6944105965
6.7560731482
6.7947959227
6.8036268275
6.8826142530
6.8930365812
6.9352891786
6.9731070795
6.9958782821
7.0301292563
7.0504273548
7.1267784269
7.1494952836
7.2335625243
7.2425098812
7.2777031694
7.2991427753
7.3002659815
7.3935719112
7.4115592506
7.4906488957
7.5291006134
7.5876748321
7.6511106227
7.6804311161
7.6866125622
7.7689953405
7.7913233085
7.8528353013
8.2151895859
8.2219133213
8.2872628175
8.3307972088
8.3412548651
8.3544562639
8.4053834006
8.5002813181
8.5170037271
8.5911929615
8.5930082000
8.6781942398
8.7195240175
8.7529508788
8.8322179297
8.9407687919
8.9627035144
8.9739620838
8.9741995664
8.9993644883
9.1832185525
9.1916622586
9.2064334015
9.2392537857
9.2953916675
9.2953916675
9.2953916675
9.2953916675
9.2953916675
9.2953916675
9.2953916675
9.2953916675
9.2953916675
9.2953916675
9.2953916675
5.0098627579
5.0401012301
5.0809070834
5.1025873643
5.1759823520
5.1795032770
5.2549059374
5.2581563073
5.2839219455
5.2869137227
5.2930973537
5.3271102497
5.3425202377
5.3444799377
5.3552920188
5.3642396163
5.4335119753
5.4625787221
5.5331066074
5.5519049647
5.6405439496
5.7137215664
5.7196941113
5.7381541402
5.8116916405
5.8828578926
5.9123273007
5.9151882850
5.9582850742
6.0505526248
6.0532895660
6.0736547998
6.2782661051
6.2910995354
6.3304669022
6.3877584697
6.5002890177
6.5214589841
6.5448643519
6.5930393747
6.6259699696
6.6413697867
6.7797545311
6.8360976250
7.1456694074
7.2065240687
7.2278841392
7.2508939422
7.2908922389
7.3078097533
7.3276458746
7.3356356997
7.3842852025
7.5562766238
7.5810935308
7.5921076026
7.6491493727
7.6531393082
7.6541582696
7.6599345033
7.7222184576
7.7439932218
7.7706113073
7.8147355639
7.8986734732
7.9532123981
7.9713528074
8.0001813688
8.0504991061
8.1334494427
8.1454229916
8.1454702615
8.2308560606
8.4345991032
8.4374067986
8.4890373843
8.5306614372
8.5596626883
8.6827807285
8.7239248576
8.7332230298
8.7442842650
8.7488316652
8.7925999493
8.8221069377
8.8263690426
8.8315455947
9.0047713787
9.0536162482
9.0933420690
9.1028204881
9.1426189966
9.1622791628
9.2555680867
9.2955778487
9.3052997109
9.3667997653
9.3915174408
9.4615974239
9.4834001170
9.4834001170
9.4834001170
9.4834001170
9.4834001170
9.4834001170
9.4834001170
9.4834001170
9.4834001170
9.4834001170
9.4834001170
5.0069809520
5.0792119873
5.0862433212
5.2271393251
5.2582629873
5.3046769971
5.3663619666
5.3878078576
5.4806573095
5.5130145031
5.5452041933
5.5461577957
5.5610411366
5.7205291892
5.8349357222
5.8803485243
5.9494389281
6.0036050614
6.0243066626
6.0700629162
6.1319307265
6.1612988814
6.1732689109
6.2661557404
6.3146031643
6.3376452479
6.3543817431
6.4762799416
6.4826525730
6.5072847127
6.5938933801
6.5993771876
6.7557660125
6.8488036676
6.8538196735
6.9531400472
6.9867450275
7.0189973071
7.0357935401
7.0501244127
7.0601138367
7.0758339234
7.1094224834
7.1283022174
7.2381306009
7.2527581393
7.2788332987
7.2955126069
7.3853105811
7.5156800553
7.5177221153
7.6238450524
7.7263878940
7.7727733727
7.8672894165
7.8721391468
7.8836121754
7.8892554662
7.9493174233
7.9546657047
8.0323410107
8.0402631712
8.1705439380
8.1733333870
8.2993035729
8.3242759086
8.3407209085
8.3874433388
8.4000624969
8.4034521979
8.4122634316
8.4736284817
8.4892854035
8.5051313016
8.5529373276
8.7175100931
8.7665272696
8.8475160011
8.8895313697
8.9057945891
8.9079710063
8.9194662564
9.0124660115
9.2858556168
9.3225865242
9.3534405419
9.3857948829
9.4617159635
9.5425916086
9.6934350118
9.7075100027
9.7427921426
9.7441351281
9.7613645032
9.8349135576
9.9104483764
9.9853729141
10.0029976495
10.0081692837
10.0871664859
10.0871664859
10.0871664859
10.0871664859
10.0871664859
10.0871664859
10.0871664859
10.0871664859
10.0871664859
10.0871664859
10.0871664859
5.2890694633
5.3644428527
5.4408263803
5.4642506901
5.5127631112
5.5589934083
5.6199518194
5.6339573227
5.6682912553
5.7215399076
5.7243105611
5.7650565380
5.9271092422
5.9639790993
6.0015958046
6.0233207591
6.0988247024
6.1242821431
6.1780111223
6.1898300582
6.2644588638
6.2773275221
6.3521707063
6.3548721298
6.4271265652
6.4483221604
6.5003584426
6.6002514230
6.6881047852
6.7357156424
6.9493075971
6.9637890455
6.9762412890
6.9960109645
7.0058317436
7.1190633812
7.1379727074
7.1706299645
7.2131954802
7.2427960080
7.2793597843
7.4871725967
7.5349918304
7.5892079298
7.6036855026
7.8426641892
7.8704751413
7.8786189096
7.8888560200
7.9935918302
8.0589490145
8.0805139299
8.1100842868
8.1366053601
8.1379554288
8.1522107321
8.1967914194
8.4034042949
8.4136150589
8.5130742948
8.5364130381
8.5911450146
8.6223100423
8.6894743389
8.7859462908
8.8173761937
8.8858822638
8.9063754613
8.9260950450
8.9746812797
9.0601568430
9.1435631306
9.1691959916
9.2078732507
9.3399719332
9.3418308799
9.3841304737
9.4769196203
9.4957105312
9.7004386322
9.7369350914
9.7594304442
9.8383044072
9.8585623255
9.8606087571
9.8632746414
9.8917558877
9.9243427928
10.0369475637
10.0732776856
10.0932608535
10.1229867182
10.1355119134
10.1659693414
10.3440096617
10.3442144514
10.3800492513
10.3823526524
10.4280220597
10.4453408654
10.4453408654
10.4453408654
10.4453408654
10.4453408654
10.4453408654
10.4453408654
10.4453408654
10.4453408654
10.4453408654
10.4453408654
5.4900416674
5.5973028096
5.6146720747
5.6242029970
5.7339817876
5.7498615134
5.9911415632
6.0085739710
6.2773366830
6.3086879550
6.3358787248
6.4237959524
6.4356782475
6.4388546592
6.5241774294
6.5393984202
6.5456447922
6.5748205638
6.5789337971
6.5870852644
6.6561418611
6.7301903965
6.7590206692
6.7821816076
6.8176233459
6.8652536045
7.1683327085
7.2049747787
7.2246352427
7.2612821386
7.3162010317
7.3277265578
7.4086042746
7.4629163156
7.5026394509
7.5379261683
7.5578471745
7.5694006678
7.5755471498
7.6228934243
7.6393030990
7.6650376356
7.7073762108
7.7187045145
7.7383673007
7.7462346826
7.8514705989
7.9043925815
7.9894990994
8.0160381600
8.0763145246
8.0834877139
8.1021514584
8.1094780538
8.1939212487
8.2258087674
8.2606011180
8.2810010074
8.3205751231
8.5278727309
8.5421047534
8.5459572673
8.5566107944
8.5687761018
8.6268105459
8.7610972913
8.8246709114
9.0137548343
9.0325587871
9.0925750547
9.1052005365
9.2032283718
9.2252293301
9.2572907160
9.2912145056
9.3279003260
9.3947421339
9.4061151342
9.4437066926
9.4596956030
9.4984191421
9.5004959429
9.5497146675
9.5863585907
9.5902095534
9.6314921995
9.6524631714
9.7667406695
9.9181478859
10.1329765905
10.1640444252
10.3204092904
10.3381697814
10.5236462022
10.6429576452
10.6615817889
10.6769358023
10.7333472380
10.8504190991
10.8626089041
10.8626089041
10.8626089041
10.8626089041
10.8626089041
10.8626089041
10.8626089041
10.8626089041
10.8626089041
10.8626089041
10.8626089041
5.6029753272
5.6187732952
5.7081073112
5.7201626278
5.7603172251
5.8197723161
5.8394311780
5.8873382832
5.9861953770
6.1263801590
6.2406622452
6.2696345636
6.3384485309
6.5944338069
6.6166058344
6.6507820767
6.6758075298
6.7271729315
6.8963515551
7.0320069432
7.0427475843
7.1637199097
7.1714622482
7.1954178488
7.2630038167
7.3132097153
7.3412374155
7.3436491448
7.3770361170
7.4105348580
7.4303495260
7.4476397354
7.6768018758
7.6941916963
7.7821356633
7.7914867938
7.8451996870
7.8460971134
7.8703485814
7.8842182305
7.8984357742
7.9031637535
7.9224880069
7.9249796731
7.9504657620
8.0091642213
8.0441734020
8.0483190630
8.0978493079
8.4293636011
8.5338501588
8.6089169790
8.6481103782
8.6656918897
8.7204005950
8.7626958103
8.8501213047
8.8759551673
9.0750486216
9.0972872286
9.1126318265
9.1215844205
9.1400767665
9.2801177568
9.2997038965
9.3028018704
9.3464190022
9.3783568553
9.4099992828
9.4182609099
9.4582101551
9.5346442503
9.5489069256
9.6429948385
9.6516717567
9.6939976143
9.7059775077
9.7971146242
9.9020343303
9.9614962207
10.0059011075
10.0102237947
10.0598672318
10.1569941346
10.2225338073
10.2647506595
10.3670981816
10.5245118909
10.5762537799
10.5972328360
10.6176256817
10.6311491797
10.7116800916
10.7412124510
10.8593042857
10.9886053256
11.0660240306
11.1907418125
11.1978180816
11.2448481842
11.2448481842
11.2448481842
11.2448481842
11.2448481842
11.2448481842
11.2448481842
11.2448481842
11.2448481842
11.2448481842
11.2448481842
5.8163657255
5.8631926168
5.8871945589
5.9170142576
5.9487254936
5.9713045979
5.9965161876
6.0281274001
6.0750814099
6.1320277587
6.1799132143
6.2017468285
6.3412517574
6.3502141268
6.4295611589
6.4512384073
6.5487904012
6.5552196121
6.7694064153
6.9579449406
6.9995235699
7.0661792211
7.1859489465
7.2895882788
7.3881701540
7.4031726915
7.5043008924
7.6542249689
7.6667881100
7.8270226077
7.9272267733
7.9508641867
7.9772628220
8.0141941219
8.0280798068
8.1090639554
8.1497963601
8.1594592666
8.2122675335
8.2461681763
8.3691773579
8.4019690242
8.4535834460
8.4705259376
8.5373523082
8.5452624925
8.6086068425
8.7553486355
8.8571985196
8.8630930142
8.8954342782
8.9336939409
9.1131104416
9.1329257512
9.1596993185
9.1617530157
9.1760938152
9.3679742478
9.3698425311
9.4082772463
9.4443077251
9.4446148114
9.4589339898
9.4628719943
9.4954085818
9.5158962347
9.5192443951
9.7610501938
9.7882866568
9.8695073985
9.8810731202
9.8960575127
9.9129049122
10.0628917750
10.0887756641
10.2618156021
10.2618916954
10.3901943396
10.4420611861
10.4565817489
10.5017651696
10.5107619178
10.5815189002
10.5905146589
10.6818063628
10.7090537380
10.7236424489
10.7282668305
10.7336314565
10.8287266280
10.8849982548
10.9585522280
11.1527386075
11.2294092369
11.2430390738
11.2685913468
11.3350400739
11.3706994210
11.3805902608
11.5254344916
11.5254344916
11.5254344916
11.5254344916
11.5254344916
11.5254344916
11.5254344916
11.5254344916
11.5254344916
11.5254344916
11.5254344916
6.0736463915
6.0838023433
6.1026364771
6.1810623280
6.2540254399
6.2565224118
6.2932242225
6.2982066865
6.3364965909
6.3788829905
6.3839661377
6.4203528562
6.5221549835
6.5433287502
6.7204827488
6.8743242716
6.9552659831
6.9680794399
6.9867815916
6.9975124385
7.0099060307
7.2090096145
7.2308067737
7.2634696547
7.3332972519
7.3510739165
7.3549506743
7.3857156125
7.4213174822
7.4725742286
7.4846730074
7.5280645439
7.5437300807
7.5805235095
7.6924435829
7.8679496308
7.8778743980
7.8992029567
8.0470383330
8.1045397950
8.1147063408
8.1184844881
8.1736237227
8.1854754780
8.2753658889
8.2997194550
8.3440173538
8.3795049023
8.3899797463
8.5099373596
8.6734783484
8.8662955555
8.9920409432
8.9950080205
9.0358357704
9.0779955798
9.0980481633
9.2348855609
9.2567142482
9.2839659636
9.3877204147
9.3949271258
9.4257618105
9.4824402302
9.4862205733
9.5081039535
9.5421063626
9.5541165886
9.5952802886
9.6287243535
9.7178903760
9.8209907461
9.9092570392
10.0029618874
10.4209802686
10.5295383098
10.6056379031
10.7627086524
10.8748108975
10.8784554545
10.9880010988
11.0586135564
11.0904472621
11.1267613314
11.1491317301
11.2367386507
11.2790577246
11.3373764823
11.3738533301
11.4208537073
11.6926447517
11.6966214487
11.7108430733
11.7300690642
11.8275934129
11.9659413292
11.9682213388
11.9796174507
12.0406873154
12.0722068136
12.0722068136
12.0722068136
12.0722068136
12.0722068136
12.0722068136
12.0722068136
12.0722068136
12.0722068136
12.0722068136
12.0722068136
6.2270515239
6.2965338608
6.3078058217
6.3603783527
6.4983189285
6.5254936150
6.6145730380
6.7450861519
6.7698926942
6.7906040652
7.0039713764
7.0281176649
7.0375778468
7.0636097239
7.0690907166
7.1510248848
7.2223979681
7.2773655146
7.2796368209
7.2884904444
7.3701001089
7.3839322635
7.4762131311
7.4950407792
7.8474589513
7.9806653883
8.0144234724
8.0892372547
8.1401338952
8.1683705399
8.2324745898
8.2328948444
8.2829870184
8.3356076843
8.3959915169
8.4791436037
8.6388309182
8.7844792408
8.8460619465
8.8691534396
8.8804641272
8.8985788336
8.9757919595
9.0123091871
9.0249822810
9.0336248222
9.0948981568
9.2294143618
9.3210836416
9.4077417130
9.4228268315
9.5912754947
9.6286658607
9.7194228580
9.7217024221
9.7321507555
9.7603010290
9.8591084308
10.0059655396
10.0855522777
10.2347855152
10.2453324520
10.3381029475
10.3463966803
10.3942366110
10.4414079940
10.5337653965
10.7350440404
10.7409629096
10.7593115376
10.8400335714
10.8816932534
11.0704495854
11.0946127840
11.1085714968
11.1608434582
11.2491056234
11.3080053618
11.3137511622
11.3255580025
11.3259422283
11.3780981110
11.4250248493
11.4530282078
11.4636409530
11.4796606762
11.5819768198
11.6464428123
11.6471326964
11.7305337452
11.9952754278
12.0839043385
12.1460682132
12.2041333995
12.2570368832
12.2934108186
12.3096473935
12.3486568376
12.4384265459
12.4696482507
12.4696482507
12.4696482507
12.4696482507
12.4696482507
12.4696482507
12.4696482507
12.4696482507
12.4696482507
12.4696482507
12.4696482507
6.4437699103
6.5045316846
6.5254989342
6.5567453096
6.5643062436
6.5755195566
6.7501047743
6.7995235085
6.8366157918
7.0457643548
7.0970655032
7.3835203062
7.4017560679
7.4351732556
7.5781435945
7.6936159214
7.6939801696
7.7039911604
7.7244290713
7.7490503535
7.8689730013
8.1674674916
8.2185673446
8.2475088002
8.3377333681
8.3465008818
8.4710942536
8.4759798124
8.5272447521
8.5617032616
8.8803851859
8.9038312666
8.9155074854
8.9928819737
9.0017317388
9.0228513384
9.0691643104
9.1828363902
9.2598243737
9.2695290131
9.3065031504
9.4418198318
9.5743872916
9.6043798427
9.6536584775
9.6609921487
9.6955341102
9.8609256487
9.8867597775
9.9121290543
10.0105093870
10.0446420657
10.1103343711
10.2473790283
10.3926326250
10.4802303575
10.5669896851
10.6516756413
10.7043158039
10.8227231079
10.8543309655
10.9009981506
10.9914150046
11.1449494953
11.1924042839
11.2398696586
11.2578866400
11.3972085385
11.4139125029
11.5472586223
11.6491839264
11.6611180946
11.8074693585
11.8506766731
11.8815462725
11.9333571524
11.9850869422
11.9892167763
12.0090102737
12.0494837293
12.1005599297
12.1559103232
12.1811548450
12.1960665619
12.2505794011
12.3663115116
12.3903559416
12.5402781148
12.6070417841
12.6622986778
12.6681530747
12.7024040820
12.7046052177
12.7296013292
12.7307173856
12.7369019035
12.7804999852
12.8322343620
12.8497745532
12.8993926172
12.8993926172
12.8993926172
12.8993926172
12.8993926172
12.8993926172
12.8993926172
12.8993926172
12.8993926172
12.8993926172
12.8993926172
6.6561765476
6.7280786300
6.8922538973
6.9093613802
6.9212842920
6.9681446456
7.0119082274
7.0890483983
7.1028120083
7.1346307406
7.2261595938
7.2661511382
7.3659959781
7.3987128145
7.4496512700
7.4893295261
7.5492418322
7.7675642104
8.1298392177
8.1828302846
8.2347616402
8.3269638643
8.4398295995
8.4443273749
8.4480428949
8.4694567034
8.5216515290
8.5449530423
8.5744080344
8.6453910679
8.6778152559
8.7508520221
8.8570656774
8.8932975716
8.9692441250
8.9744923735
9.0171161782
9.0667523941
9.1154400965
9.1198916217
9.1285564352
9.1768697982
9.1943206130
9.2488373991
9.2557601509
9.4917382296
9.5077773812
9.5879827371
9.8282460382
9.8664950984
9.9224275831
9.9343084482
10.0066522167
10.0284795305
10.1213655427
10.1930600027
10.2797184072
10.2964524106
10.3726412582
10.3736527988
10.4047158215
10.4271380059
10.5015398601
10.5078763102
10.6722527789
10.7028617443
10.8782108527
10.9901962560
11.3041467111
11.3181936071
11.3792277990
11.4051373196
11.4375864684
11.4930343610
11.5266693094
11.5946774031
11.6074443641
11.6116108465
11.7851171994
11.8149305200
12.2618636394
12.2650200472
12.2658333252
12.3478293193
12.4130486829
12.5214852966
12.5613442109
12.5955910343
12.6909129973
12.8503422406
12.8617973177
12.8894732849
12.9211371691
13.0104948875
13.0312742206
13.0691256459
13.0750026621
13.1013191745
13.1247022583
13.1559934554
13.1559934554
13.1559934554
13.1559934554
13.1559934554
13.1559934554
13.1559934554
13.1559934554
13.1559934554
13.1559934554
13.1559934554
6.8637093374
6.8742688222
6.8895583770
6.9423481407
6.9529299759
7.0405377437
7.0492558120
7.0573116960
7.0669672113
7.0796050777
7.1071746299
7.1156881694
7.1330149810
7.2938079229
7.3824936959
7.4364036029
7.4594136117
7.6282893160
7.7681326730
7.8547538782
7.8773942254
7.9250849076
8.0069898142
8.0887365407
8.1375557032
8.3350710944
8.3560307358
8.3789515745
8.4266776845
8.4274422478
8.4348322649
8.4384026261
8.4634702606
8.5074536142
8.5222632536
8.5245002112
8.5519886916
8.7236809272
8.7282364602
8.8781152732
9.0043564817
9.1052874206
9.1825422627
9.3046747001
9.3449704010
9.4210293081
9.5161248337
9.6136583970
9.7549192465
9.8604776531
9.8780943273
10.0125704145
10.0316041036
10.0614007387
10.1448591164
10.1720481722
10.2284408755
10.2475916316
10.3232553415
10.4383360266
10.5955426326
10.7566287707
10.7593804228
10.8064806997
10.9109668755
10.9313897537
10.9491099045
11.0705012179
11.1022868539
11.1250147013
11.2075469920
11.2729196689
11.5148293125
11.6704023703
11.7014970035
11.7199810717
11.7811708824
11.8202707714
11.9597691659
12.3208560047
12.4039740207
12.4348884650
12.4742999083
12.4758811564
12.5233653721
12.7314304712
12.8175205292
12.8695333563
12.8861064300
12.9982978045
13.0906673267
13.1081441866
13.1543664909
13.1563562578
13.1806519400
13.2225272946
13.2308511532
13.3179367611
13.4376303641
13.4682994646
13.4682994646
13.4682994646
13.4682994646
13.4682994646
13.4682994646
13.4682994646
13.4682994646
13.4682994646
13.4682994646
13.4682994646
7.0338264908
7.0539085379
7.1734159811
7.2720897992
7.4089885743
7.5092203888
7.6343426333
7.7273881287
7.8472806820
7.9369175612
7.9768524613
7.9780874058
8.1649541862
8.1709359254
8.2072982690
8.2839954949
8.3431632277
8.3789438826
8.4022493516
8.4531719570
8.4786220739
8.6635983566
8.7683889809
8.8636526067
8.9513637375
8.9670882996
9.1489029550
9.2179114769
9.2834780686
9.2980227789
9.3529146463
9.4227029163
9.5698121601
9.5700575201
9.5783265280
9.6339174115
9.6918532816
9.7324605083
9.7825116781
9.7855159621
9.8449923673
9.9682827153
9.9813635461
10.0794969918
10.1127804684
10.1654064666
10.1997248032
10.2282986227
10.3056868216
10.3954013320
10.4897422461
10.6298954936
10.7875033698
10.9000998527
10.9130371008
10.9406439311
11.0104856153
11.0278001049
11.1498941400
11.3392523602
11.3930326085
11.4291324929
11.4667924215
11.4747151752
11.6571289125
11.7120697784
11.7808652090
11.7996950784
11.8402879684
11.8893720681
11.9189447404
11.9361289845
12.0391617966
12.1772050635
12.2828735347
12.3891522146
12.4968398824
12.5049926868
12.5618534503
12.6732974529
12.7669372727
12.8288673428
12.9303571327
13.2310566519
13.2735760395
13.3598563541
13.4228601674
13.4781182114
13.5308884474
13.5640474810
13.6164070309
13.6225308816
13.6983740438
13.7205304830
13.8056996382
13.8524215589
13.9229874557
13.9512631329
13.9731423604
14.0024498295
14.0024498295
14.0024498295
14.0024498295
14.0024498295
14.0024498295
14.0024498295
14.0024498295
14.0024498295
14.0024498295
14.0024498295
7.2301981230
7.2334703138
7.4164410694
7.4197656498
7.5879525273
7.6630959207
7.7252442577
8.0355444692
8.0808894298
8.0923822066
8.1647427828
8.2005680561
8.2316337162
8.2453203057
8.2697591866
8.3026884618
8.5008638531
8.5269491688
8.5673677634
8.9185666912
9.0437115052
9.0519038310
9.0765696741
9.3804137274
9.4113114563
9.4113515223
9.4849123935
9.5326484063
9.7135132089
9.7931644084
9.8193171699
9.8574241457
9.9396774637
9.9738262607
10.0142228581
10.0505913838
10.0507448976
10.0666300940
10.0749493091
10.1775591799
10.2079820062
10.3232748386
10.3846624324
10.4496801026
10.4665457171
10.5511272324
10.5830390129
10.6110736836
10.7399288128
10.7771627779
10.7772236215
10.8650063098
10.9347340814
11.0863730497
11.3094703809
11.3219993141
11.4925994757
11.5015639239
11.5382262857
11.6499294616
11.7535834101
11.9620361022
12.0282627451
12.1213185272
12.1641878052
12.1980895890
12.2341986090
12.2818426637
12.2833695441
12.3570146276
12.4088941250
12.4924922602
12.5430772904
12.5601552997
12.5952272831
12.6902388637
12.7349446106
12.7631497232
12.8092558955
12.8515006759
12.8967098944
13.0137066671
13.0971909561
13.1160135876
13.1517377712
13.1639431582
13.1852034890
13.3629108172
13.3993455012
13.5567523758
13.9275523741
14.0368462789
14.0834043284
14.1075852231
14.1262745905
14.1466395988
14.2417064580
14.3729854057
14.4506271555
14.4537675441
14.4537675441
14.4537675441
14.4537675441
14.4537675441
14.4537675441
14.4537675441
14.4537675441
14.4537675441
14.4537675441
14.4537675441
7.4055451946
7.4811216018
7.5506028027
7.5992298166
7.6446586106
7.7305285633
8.0210278486
8.0826009432
8.1285044795
8.1885276320
8.2856264202
8.3736842837
8.4103351006
8.5088968645
8.5164934335
8.5267013240
8.5459194717
8.9221008280
9.0502031283
9.0847468503
9.1004114906
9.1045185323
9.1504051893
9.1508794876
9.1735443460
9.1844006260
9.3200785159
9.3514104890
9.3675084266
9.3923887045
9.4759899987
9.4804868943
9.5359801616
9.7113162626
9.8160693782
9.8997644965
9.9041578465
9.9737451529
9.9884813123
10.0277272325
10.0355608627
10.0723170535
10.0950766175
10.0989515592
10.1432046655
10.1523505085
10.2409406057
10.2474063915
10.2504818110
10.3288100417
10.3527271410
10.4226311670
10.4663305105
10.5273910292
10.5654830857
10.7199422833
10.7703838558
10.7995475641
10.8136517528
10.8362587016
10.8637675692
10.9741147070
10.9833107414
10.9914382455
11.0792790844
11.1907040184
11.3045420696
11.3048234148
11.3455763083
11.3554135566
11.5646314748
11.7802544233
11.8009738759
11.8406601731
11.9593195971
12.1237340439
12.2043924137
12.2784174968
12.5650051172
12.5688009438
12.5710592645
12.6125822248
12.6383210022
12.6592276950
12.7537825174
12.9325778258
13.0143947746
13.1344127952
13.3035174776
13.3666561159
13.5982186794
13.6460176774
13.7768034187
13.7999804934
13.8991703772
14.3690640832
14.4053722076
14.8159483003
14.8546138923
14.8893087621
14.8893087621
14.8893087621
14.8893087621
14.8893087621
14.8893087621
14.8893087621
14.8893087621
14.8893087621
14.8893087621
14.8893087621
7.6908627272
7.7023429179
7.7834318586
7.8281998613
7.8916755168
7.9182528328
7.9457859010
7.9681259448
7.9883364336
8.1050368026
8.3905290581
8.4054736745
8.4237354909
8.4682368184
8.6707818257
8.6944381702
8.7164623574
8.7167341678
9.2189892796
9.3081296606
9.3223142498
9.3622289088
9.3820202326
9.3918419773
9.4767354429
9.4944868959
9.6570802238
9.6828008778
9.7095708361
9.7125987138
9.9366058920
10.1574028360
10.1920722686
10.2692035835
10.2772713696
10.2862162346
10.3111334131
10.4375164007
10.4492025303
10.5698009425
10.9013244969
10.9124342245
10.9580312304
11.0014143935
11.0941817820
11.1715820684
11.1977513155
11.2799529576
11.3311610306
11.4940029296
11.4959536039
11.5200404988
11.5294238042
11.5667507294
11.7704975985
11.8874423104
11.9356490773
11.9681862979
12.0172484685
12.0630524380
12.1624718442
12.1796521322
12.1886148894
12.1907062590
12.4479138480
12.4846551324
12.5132450887
12.5365386686
12.5402894414
12.5488307545
12.6630774186
12.7351259706
12.8637410887
12.9490839678
13.1709157242
13.1992925308
13.2311693504
13.2982008988
13.4538617257
13.5084718227
13.5189039444
13.7291743751
13.7430056993
13.7597775697
13.7669062551
13.7751661048
13.7992801180
13.9966695366
14.3509844312
14.4099192115
14.5586231807
14.5699917378
14.5881950536
14.6010965321
14.6038023930
14.6334816672
14.9538937190
14.9769787632
15.0812468997
15.2101898388
15.2101898388
15.2101898388
15.2101898388
15.2101898388
15.2101898388
15.2101898388
15.2101898388
15.2101898388
15.2101898388
15.2101898388
7.8575500178
7.9264988215
7.9991636387
8.0478262495
8.1250870964
8.2537352055
8.2986930817
8.4002514488
8.6208718770
8.6890130474
8.8194753286
8.9438876487
9.0113020621
9.0147445712
9.0303619655
9.0891193408
9.1198686974
9.1229623465
9.2095949594
9.3340507628
9.5519620054
9.5964837888
9.8033335841
9.8626006813
10.0738537064
10.1067586232
10.1411645371
10.1691433113
10.1703843247
10.2030601176
10.2661187824
10.3146148844
10.3732419066
10.4560118123
10.5089953483
10.5730110796
10.6095163556
10.6525814274
10.6999023993
10.7100671114
10.8775001002
10.9239125113
11.1564855499
11.4238946997
11.4255959748
11.4942979501
11.5465050763
12.1484400325
12.1999732612
12.2321096451
12.2415637229
12.2550154805
12.2704052153
12.3185620894
12.3717137177
12.4966701213
12.6816572709
12.7809171081
12.8140880206
12.8311066656
12.9208858941
13.0538311715
13.1628216094
13.2473637327
13.3054815074
13.3844603116
13.3981545144
13.3983049944
13.4626229907
13.5101522526
13.5815607074
13.6946926148
13.7376006038
13.7663802810
13.7754015299
13.8530247871
13.9602518615
13.9727762573
14.0612331374
14.1725006023
14.2576480892
14.2692515898
14.2867326485
14.3667157102
14.5405531048
14.6029543628
14.6112760149
14.6360071341
14.7237456643
15.0243176384
15.0677451366
15.1434449386
15.3077121683
15.3851584926
15.4674789917
15.4750320172
15.5513822390
15.5598564656
15.5790011729
15.5936439571
15.5936439571
15.5936439571
15.5936439571
15.5936439571
15.5936439571
15.5936439571
15.5936439571
15.5936439571
15.5936439571
15.5936439571
8.0844765905
8.2105375681
8.2341434269
8.3953666473
8.4234120989
8.4294551489
8.6215137196
8.6360401519
8.7146642520
8.7212716788
8.7216449434
8.7904235517
8.9559928282
9.0241047050
9.0797577215
9.1199814184
9.1727786254
9.1790416234
9.2205966221
9.2455565969
9.2737038753
9.3718958993
9.3774092536
9.4029847245
9.6101181278
9.7584082076
9.7908467617
9.8099281427
9.8871012426
9.9162889714
9.9258594124
10.1027362235
10.1045559458
10.1294163722
10.3354785648
10.3736432196
10.4003673273
10.4207682460
10.4209908678
10.4979863420
10.5657010677
10.6384572329
10.6614520609
11.3045768813
11.3148362309
11.3456564147
11.4110631091
11.4596127146
11.4962911438
11.7707593567
11.8258621158
11.8854938911
12.0165996944
12.0375001779
12.1045616572
12.2515839696
12.2691517446
12.3158267076
12.3326492219
12.3427151883
12.4676145596
12.5810614894
12.7618654351
12.7695477290
12.8050560043
12.8324403353
13.0125662196
13.0139358751
13.0954531897
13.1878174042
13.2018163532
13.4115452573
13.4686839687
13.5076077266
13.5402132041
13.5474310477
13.6806834639
13.8081795386
13.8129988733
13.9279087393
14.1476783532
14.3977698087
14.4383849311
14.6082861646
14.6226708237
14.7874462724
14.8022280790
14.8580676570
14.9150360595
15.1187095828
15.2142548374
15.2305376795
15.4804463793
15.4974805139
15.5625670668
15.6200947645
15.7728056442
15.9974072022
16.0352790884
16.0400525497
16.0400525497
16.0400525497
16.0400525497
16.0400525497
16.0400525497
16.0400525497
16.0400525497
16.0400525497
16.0400525497
16.0400525497
8.2230187646
8.3786412432
8.4262715798
8.5567004104
8.5749861983
8.6058782852
8.6377814491
8.6482168794
8.7012635319
8.7184664319
8.7423705666
8.8540669177
8.8682134183
8.9004283046
9.2113078767
9.2173481403
9.3019847834
9.4235408866
9.7410567924
9.9297597068
10.1178390635
10.3709214993
10.4449613184
10.5052200441
10.5427700861
10.5495874397
10.6500647570
10.9421691716
10.9700189642
10.9935098081
11.0289928031
11.1321764329
11.2330963825
11.3003492788
11.3614360065
11.4327243450
11.4854653520
11.5024275446
11.6665158687
11.6986151418
11.6999020533
11.7120058642
11.7374387718
12.0411919192
12.1474010627
12.1894413662
12.2253179990
12.2296973815
12.2567234591
12.3302155734
12.3881940156
12.4385288602
12.5539306352
12.6088683468
12.7240618948
12.7693115035
12.8059304933
12.8097492666
12.8120861986
12.9249974806
12.9258644929
12.9746744697
13.0633050681
13.3784084799
13.5223029905
13.5747532666
13.6877084632
13.8038304326
13.8829571139
14.0224743491
14.0790950008
14.1107862941
14.1366654566
14.1839797577
14.2419230141
14.4497942635
14.6607140678
14.7022425443
14.7041738581
14.7150906295
14.8225436424
15.0997461302
15.2076723316
15.2974990739
15.3272546134
15.6439577214
15.6662014105
15.6979656142
15.7539814578
15.8015582708
15.8051008630
15.8470075133
15.8581473984
15.8619134932
16.0137858748
16.0979478009
16.2581712036
16.2590789173
16.3387638985
16.4293537177
16.4293537177
16.4293537177
16.4293537177
16.4293537177
16.4293537177
16.4293537177
16.4293537177
16.4293537177
16.4293537177
16.4293537177
8.4902504703
8.5834968340
8.6491835452
8.9017825874
9.1330309581
9.1973344306
9.2159765933
9.3034563634
9.4944675726
9.5993071255
9.6024639861
9.6028651503
9.8352165169
9.8535341241
9.8912938101
9.9769052497
10.1429566478
10.1880797845
10.4026967107
10.6000486982
10.6261145918
10.7996839655
10.8075853021
10.8213112099
10.8304373197
10.9654942564
10.9713909716
11.1362660570
11.1475789050
11.1905442902
11.3157350570
11.4350483179
11.5831435240
11.5964714968
11.6454799659
11.6901349101
11.7684922798
11.8233840844
11.8258983743
11.9892299151
11.9943042808
12.0305242823
12.0545261302
12.3948938758
12.4665142097
12.4747964215
12.6046946906
12.7871913528
12.8322022953
12.8677706011
12.9314518813
13.0191402090
13.0222299170
13.0267010223
13.0338480218
13.2087988676
13.3669127723
13.4359442673
13.5451352383
13.5456574183
13.6230833684
13.6661434018
13.7694228373
13.8825225658
13.9246962362
14.1762550603
14.2458382997
14.2484404506
14.2490624397
14.2495337601
14.3334096741
14.3606086631
14.4425215947
14.4495522551
14.4988471426
14.7563023397
14.7813083574
15.1813666328
15.2305687501
15.3936546568
15.6652827530
15.6677928134
15.6986075834
15.7335087022
15.7516782559
15.7620532937
15.9296120745
15.9363607462
15.9766029796
16.0581578805
16.1720984402
16.2724514699
16.2777398508
16.4083835824
16.4586980488
16.5078513769
16.5616659471
16.7014392642
16.7942014776
16.8932273076
16.8932273076
16.8932273076
16.8932273076
16.8932273076
16.8932273076
16.8932273076
16.8932273076
16.8932273076
16.8932273076
16.8932273076
8.6590886142
8.7424064556
8.7472192244
8.7510175439
8.7590730118
8.8100198617
8.8228800343
8.9035989030
8.9555803541
9.0315330931
9.1598371785
9.4232078964
9.4673253013
9.6311188771
9.7482697783
9.7712792636
9.8300449795
9.9685031591
9.9809539149
10.0363242318
10.1572922061
10.4276341654
10.7297239151
10.8003163181
10.8841392113
10.9888271086
11.0050470731
11.0325852976
11.1706989374
11.3560362282
11.3586262181
11.3646972716
11.5457340903
11.5558763223
11.7314881555
11.7945317941
11.8618304675
12.1747432842
12.2688868456
12.4144345085
12.4594518253
12.4622687901
12.5041460519
12.5192735599
12.5916132707
12.6169926476
12.7322850060
12.8050678401
13.0114042823
13.0179056645
13.1423755227
13.1624588115
13.1678940591
13.2621177793
13.2818558325
13.2866842592
13.3315153627
13.3739650330
13.4038006479
13.4638817397
13.4979645630
13.6527878364
13.7963758420
14.0557054532
14.0773790776
14.0783302539
14.2044780566
14.3182645052
14.3546429836
14.3709407896
14.6754732319
14.7191298987
14.7990151108
15.0528589000
15.1090965468
15.2215021850
15.3798342419
15.4412093234
15.4796617822
15.5814944962
15.7097862527
15.7350789651
15.8204768264
15.8776501427
15.9086566045
15.9903393711
16.0172243391
16.1280480496
16.2780435295
16.3252379529
16.3616762219
16.4241520267
16.4525750777
16.5072277494
16.5686877984
16.6529656025
16.6928078100
16.8382007280
16.9217096520
16.9864212922
16.9864212922
16.9864212922
16.9864212922
16.9864212922
16.9864212922
16.9864212922
16.9864212922
16.9864212922
16.9864212922
16.9864212922
8.8101652460
8.9009291353
8.9209995504
9.0371999712
9.0376703544
9.0723667093
9.1137877576
9.1160712967
9.2544744485
9.2636519535
9.2743092280
9.4202112545
9.5958832455
9.6968793054
9.7865711284
9.8110513844
9.8281309611
9.9607608747
10.0504941669
10.0696158061
10.0920485471
10.2379370541
10.2477148641
10.2786055750
10.5002267181
10.5003534742
10.6119301485
10.6559819918
10.7992159729
10.8211272529
10.8359316493
10.8867002501
10.9292916443
11.0234676283
11.0451136235
11.0611838720
11.1515182574
11.3840463082
11.4010259712
11.4666185763
11.4750957384
11.6440398486
11.7005012609
11.7020200123
11.9032035824
11.9726073741
12.0052364009
12.5639911843
12.5926492085
12.6083802780
12.6722603027
12.6925684706
12.9421792911
12.9703755721
12.9833334607
13.0500594424
13.0711038121
13.1314182217
13.3107788929
13.3120957805
13.4495047971
13.5270263357
13.7101832082
13.9767859054
14.0090429436
14.2969969851
14.2991385318
14.3698971983
14.4305128830
14.4556678096
14.4635522171
14.6165445402
15.1011246968
15.1178246186
15.1309286833
15.1743918777
15.1825020872
15.2179977348
15.2811558863
15.3474506074
15.3766504735
15.3828640965
15.4155912124
15.4537626867
15.4552928468
15.6820305724
15.8330455535
16.1562666176
16.1746175230
16.4017814363
16.4944726039
16.7483714294
16.7893652206
16.8752263706
17.0386527401
17.2088753458
17.2929875656
17.3568700982
17.4796318203
17.6509433734
17.6509433734
17.6509433734
17.6509433734
17.6509433734
17.6509433734
17.6509433734
17.6509433734
17.6509433734
17.6509433734
17.6509433734
9.0010089675
9.0654827659
9.1953127855
9.4022618623
9.4132792949
9.5638763652
9.6549006639
9.7191134195
9.9195005530
10.0905706823
10.2045981869
10.4990643524
10.5927981272
10.7091229443
10.7147152428
10.8076069062
11.0011508802
11.0228211721
11.5987722551
11.6559115719
11.8528926475
11.9958759562
12.0393464065
12.0609043852
12.0694592945
12.0788482515
12.0818133807
12.1379157134
12.1544835873
12.4024344276
12.4318340066
12.4386999402
12.4674967764
12.5047115924
12.5131761626
12.5278268310
12.5977160912
12.6086468981
12.6608935873
12.7096350512
12.7110534312
12.9505420598
13.1988247570
13.2097953169
13.2551863863
13.2963123788
13.4576824270
13.4616663281
13.5401324336
13.6260756295
13.7481306296
13.8065274605
13.9646120940
14.0604534898
14.1012314879
14.2372295101
14.2940070048
14.4826097776
14.5035518313
14.5981079106
14.8315097380
14.8474680040
14.9372949282
15.0173330988
15.1338966389
15.1824821612
15.2488752948
15.3055795921
15.3421939550
15.3564424739
15.5793102696
15.6233301667
15.7611482543
15.7693951677
15.8217352983
15.9605221838
16.1609501178
16.1650208553
16.2657170285
16.4233153689
16.4610033802
16.6202088193
16.6612619237
16.6623935669
16.7085467362
16.7484812569
16.9109521543
16.9518746010
16.9790151498
16.9855087954
17.0175562401
17.0344055031
17.1129884222
17.4225735785
17.4311076459
17.5970341938
17.6514999817
17.8064269377
17.8573444813
17.8785450908
17.8785450908
17.8785450908
17.8785450908
17.8785450908
17.8785450908
17.8785450908
17.8785450908
17.8785450908
17.8785450908
17.8785450908
9.3354505659
9.3418058267
9.3724478880
9.4820341171
9.5026427473
9.5358245794
9.6060340550
9.6480930902
9.7975992611
9.8439214458
9.9866916821
10.0376785908
10.0527712737
10.2621977918
10.3092854701
10.5013573583
10.5335910166
10.5421271373
10.5650248065
10.5972827528
10.6402260306
10.6453775509
10.9509398976
11.1968348218
11.2263208144
11.2586663917
11.5676216798
11.6264247690
11.6445207224
11.7975215522
11.8416163718
11.8557738848
11.8833997733
11.8834592808
12.1181215553
12.1572320337
12.3146995053
12.3606312612
12.4082738886
12.4710492891
12.6250654230
12.7199662749
13.3161288190
13.5437721282
13.5946712910
13.7471807553
13.7643241841
14.0821186169
14.1804079246
14.3073731233
14.3370085228
14.4908254894
14.5687113085
14.5906959082
14.6343241578
14.6451905576
14.6482983998
14.8422427846
14.8840664857
14.8902769964
14.8980820887
14.9119742445
14.9688833893
14.9868749466
15.0402491929
15.0918442346
15.0934378342
15.1641975502
15.1884801571
15.3422890160
15.3602740682
15.4158908645
15.5561429061
15.5570330314
15.6001452907
15.6718934586
15.7251889397
15.8747602319
15.9379804753
16.0812168663
16.1944981764
16.1985492226
16.2121092681
16.2635113418
16.3278510192
16.5611341427
16.6214211194
16.6509917799
17.0520314990
17.1618055872
17.2678952742
17.3339898117
17.3644090656
17.3959232771
17.4641275635
17.7015080024
17.7557360877
17.8263327082
18.1632749765
18.4068967080
18.4068967080
18.4068967080
18.4068967080
18.4068967080
18.4068967080
18.4068967080
18.4068967080
18.4068967080
18.4068967080
18.4068967080
9.4956920345
9.5061429971
9.5673449022
9.6453016980
9.6867968219
9.7634992178
9.8002208793
9.9117401560
9.9667129884
10.2453146688
10.3502977043
10.6427495796
10.7206118708
10.7274928548
10.7917464720
10.9670005445
10.9993182561
11.2908794203
11.3119577448
11.3391394601
11.5941560649
11.8765568994
12.0098115594
12.0577473494
12.0737588275
12.0908787091
12.1538814519
12.2527332141
12.2845634430
12.3757931112
12.4074697774
12.6183152719
12.6654126804
12.6992995079
12.7276205964
12.7472794325
12.8091769436
12.9191231130
13.0147970684
13.0255091674
13.0675228318
13.1516510669
13.1721406147
13.1730202235
13.1843830596
13.2033816162
13.2206393699
13.2380428389
13.2505588448
13.2868374107
13.4433089724
13.5167084199
13.5221447975
13.5516349083
13.6073616402
13.7181917612
13.8055597042
13.8658758240
13.9692565585
14.1512321038
14.4911697883
14.7153793863
14.7501174187
14.9051423305
14.9114383083
15.0607959849
15.3873701855
15.3964926508
15.5090267717
15.5280121971
15.5326607677
15.5429641321
15.6015111814
15.9295931741
16.0042676510
16.1810431461
16.2731818709
16.2809353347
16.2946506512
16.4041862307
16.5229394393
16.5838008788
16.6222586219
16.7575005932
16.8434555360
17.2044718017
17.2771650976
17.4272748990
17.5335082148
17.6536894321
17.6681147524
17.6792515545
17.6832707732
17.8298825183
17.8320169387
17.8548773245
17.8868052594
17.9967013719
18.3612979136
18.8409563439
18.8409563439
18.8409563439
18.8409563439
18.8409563439
18.8409563439
18.8409563439
18.8409563439
18.8409563439
18.8409563439
18.8409563439
9.6443497746
9.7412996435
9.7811784657
9.8485163255
9.9248852203
9.9657522143
9.9833932901
9.9937250831
10.1348759649
10.1889599879
10.1990235098
10.4163305940
10.8087346259
11.0003184261
11.0363792737
11.0636059544
11.1213271425
11.1704648396
11.3200180674
11.3549857657
11.5004466703
11.5194255798
11.7992818178
11.8771901711
11.8991962214
11.9039955380
11.9172753091
11.9686317296
11.9705527556
12.0119649165
12.0555002771
12.1669412341
12.2468261412
12.2848923983
12.3311835797
12.3599310995
12.4192699383
12.4901709997
12.6287391381
12.6604759365
12.7723112253
12.9059615610
12.9407314562
12.9509750613
12.9864543319
13.0105812540
13.0617685299
13.2358872682
13.2437593103
13.2901761443
13.3027150572
13.4416332042
13.7312181632
13.9236238856
13.9376345605
14.0412507858
14.1033249615
14.1314892330
14.2081818727
14.2765859049
14.3549996346
14.4308974303
14.4839283867
14.5983127521
14.6017400183
14.6754790562
14.7340908567
14.8262900855
15.1669598720
15.1751708594
15.3378393716
15.5827971737
15.6685156948
15.6762158025
15.7832763653
16.1264414975
16.1681192811
16.1753213922
16.2087822776
16.2232472510
16.4691237168
16.5949520977
16.7286275705
16.7790482789
16.8549057965
16.9435995209
17.0145982705
17.0469612957
17.1365979932
17.1667521723
17.3896690825
17.4909019355
17.5191551861
17.5257848754
17.7106518330
17.9147585503
17.9728818243
17.9970939536
18.2581599295
18.6451131113
18.6451131113
18.6451131113
18.6451131113
18.6451131113
18.6451131113
18.6451131113
18.6451131113
18.6451131113
18.6451131113
18.6451131113
10.0252668611
10.0563695622
10.1140030300
10.1219592337
10.1824182818
10.2560586933
10.2692451472
10.3582760190
10.4539669254
10.5474109922
10.6519176726
10.7544064454
10.7793849464
10.8170782934
10.9612088239
11.1467414117
11.3296203045
11.5734562954
11.5995109076
11.6880293297
11.7756032840
11.8858681943
11.8905430168
12.1280890599
12.1403859370
12.2031766005
12.4066872744
12.7542854233
12.7618608628
12.8273918679
12.8298323692
12.9443493429
12.9726387484
13.0504388904
13.0591469166
13.0854502785
13.0999208719
13.1251846626
13.1433538519
13.2482032656
13.3139435226
13.4765457024
13.4947740917
13.5852713445
13.6346398396
13.6960797248
13.8140987564
13.8848095594
13.9994691144
14.0309847279
14.2649787179
14.4981177822
14.6513825748
14.6893023847
14.8999068651
14.9229375926
14.9770597767
14.9828408121
15.0337888334
15.0367605159
15.4459541090
15.8604073578
16.1020051937
16.2411748493
16.2890408435
16.3838211387
16.4934652184
16.7027081473
16.7906516305
16.8085531918
16.8671882398
17.0556135021
17.1048191813
17.1417118089
17.1984665627
17.2187612327
17.3955188922
17.4164315128
17.4259790753
17.5195807238
17.5390322623
17.6249316935
17.6345142564
17.7134165737
17.8450498431
17.8981549371
18.0662325624
18.0666846017
18.1089442691
18.1596521214
18.3179220829
18.5153762332
18.5260643816
18.6015108955
18.8286937281
19.0480153902
19.4310088787
19.4497185391
19.5024016606
19.6489143443
19.6489143443
19.6489143443
19.6489143443
19.6489143443
19.6489143443
19.6489143443
19.6489143443
19.6489143443
19.6489143443
19.6489143443
