0.0000000000 1.0000000000
1.0000000000 0.9380220630
2.0000000000 0.9363975954
3.0000000000 0.9330624875
4.0000000000 0.9308729346
5.0000000000 0.9303866513
6.0000000000 0.9285357855
7.0000000000 0.9251874284
8.0000000000 0.9234696808
9.0000000000 0.9235355831
10.0000000000 0.9208591626
11.0000000000 0.9170202084
12.0000000000 0.9170950663
13.0000000000 0.9153552228
14.0000000000 0.9131676862
15.0000000000 0.9109323995
16.0000000000 0.9095062966
17.0000000000 0.9062016854
18.0000000000 0.9074183796
19.0000000000 0.9041656608
20.0000000000 0.8999421158
21.0000000000 0.8994400195
22.0000000000 0.8964148269
23.0000000000 0.8968788794
24.0000000000 0.8950615027
25.0000000000 0.8925475279
26.0000000000 0.8901103999
27.0000000000 0.8913589253
28.0000000000 0.8877072911
29.0000000000 0.8858238657
30.0000000000 0.8860740860
31.0000000000 0.8839911153
32.0000000000 0.8823479142
33.0000000000 0.8817320901
34.0000000000 0.8796140823
35.0000000000 0.8788724774
36.0000000000 0.8784672898
37.0000000000 0.8780984196
38.0000000000 0.8745945384
39.0000000000 0.8754933442
40.0000000000 0.8742734627
41.0000000000 0.8705052795
42.0000000000 0.8701695027
43.0000000000 0.8698129562
44.0000000000 0.8675627878
45.0000000000 0.8654120270
46.0000000000 0.8647190058
47.0000000000 0.8638672366
48.0000000000 0.8619414167
49.0000000000 0.8600081496
50.0000000000 0.8603062037
51.0000000000 0.8595753398
52.0000000000 0.8599676704
53.0000000000 0.8589436341
54.0000000000 0.8564176808
55.0000000000 0.8560747823
56.0000000000 0.8540286053
57.0000000000 0.8539026078
58.0000000000 0.8524008730
59.0000000000 0.8539361520
60.0000000000 0.8526719122
61.0000000000 0.8537432934
62.0000000000 0.8518846519
63.0000000000 0.8511423791
64.0000000000 0.8499926190
65.0000000000 0.8509162748
66.0000000000 0.8493453783
67.0000000000 0.8489443415
68.0000000000 0.8478391421
69.0000000000 0.8486066286
70.0000000000 0.8483696710
71.0000000000 0.8481227245
72.0000000000 0.8502899745
73.0000000000 0.8486239508
74.0000000000 0.8488619201
75.0000000000 0.8487892015
76.0000000000 0.8486345362
77.0000000000 0.8498506559
78.0000000000 0.8509208949
79.0000000000 0.8516413071
80.0000000000 0.8510882284
81.0000000000 0.8509642125
82.0000000000 0.8514915325
83.0000000000 0.8521214553
84.0000000000 0.8532774155
85.0000000000 0.8540388026
86.0000000000 0.8544091367
87.0000000000 0.8560471599
88.0000000000 0.8568151682
89.0000000000 0.8575990293
90.0000000000 0.8579774901
91.0000000000 0.8598159975
92.0000000000 0.8601215560
93.0000000000 0.8608651285
94.0000000000 0.8630362759
95.0000000000 0.8653646392
96.0000000000 0.8667706297
97.0000000000 0.8687365981
98.0000000000 0.8696900000
99.0000000000 0.8716144484
100.0000000000 0.8732634779
101.0000000000 0.8711188270
102.0000000000 0.8690777824
103.0000000000 0.8676939807
104.0000000000 0.8658927557
105.0000000000 0.8636276022
106.0000000000 0.8617388519
107.0000000000 0.8599902731
108.0000000000 0.8587769381
109.0000000000 0.8585644465
110.0000000000 0.8558745739
111.0000000000 0.8549072689
112.0000000000 0.8544381525
113.0000000000 0.8535020555
114.0000000000 0.8513690411
115.0000000000 0.8499830170
116.0000000000 0.8481726739
117.0000000000 0.8477613788
118.0000000000 0.8478064440
119.0000000000 0.8464227623
120.0000000000 0.8463392417
121.0000000000 0.8456487394
122.0000000000 0.8435938262
123.0000000000 0.8436309030
124.0000000000 0.8445894997
125.0000000000 0.8438923942
126.0000000000 0.8432963629
127.0000000000 0.8434960954
128.0000000000 0.8428944960
129.0000000000 0.8421525368
130.0000000000 0.8419398124
131.0000000000 0.8417306268
132.0000000000 0.8420543696
133.0000000000 0.8417265371
134.0000000000 0.8415562396
135.0000000000 0.8430603746
136.0000000000 0.8428407950
137.0000000000 0.8432567671
138.0000000000 0.8432248974
139.0000000000 0.8438757883
140.0000000000 0.8451466862
141.0000000000 0.8446541370
142.0000000000 0.8458207519
143.0000000000 0.8451259640
144.0000000000 0.8450535420
145.0000000000 0.8474889195
146.0000000000 0.8455228884
147.0000000000 0.8470166100
148.0000000000 0.8485084604
149.0000000000 0.8495069410
150.0000000000 0.8497602922
151.0000000000 0.8524878758
152.0000000000 0.8518651863
153.0000000000 0.8546497845
154.0000000000 0.8531229315
155.0000000000 0.8545883603
156.0000000000 0.8553108515
157.0000000000 0.8585973014
158.0000000000 0.8569953593
159.0000000000 0.8611534598
160.0000000000 0.8632270373
161.0000000000 0.8619566468
162.0000000000 0.8640086810
163.0000000000 0.8668677645
164.0000000000 0.8668986026
165.0000000000 0.8694562078
166.0000000000 0.8693717597
167.0000000000 0.8710978497
168.0000000000 0.8715334833
169.0000000000 0.8722692346
170.0000000000 0.8749794608
171.0000000000 0.8781962740
172.0000000000 0.8777801743
173.0000000000 0.8787600930
174.0000000000 0.8806624427
175.0000000000 0.8818769676
176.0000000000 0.8822701672
177.0000000000 0.8862773607
178.0000000000 0.8887849070
179.0000000000 0.8905779807
180.0000000000 0.8922010291
181.0000000000 0.8927255461
182.0000000000 0.8955104783
183.0000000000 0.8954279584
184.0000000000 0.8976690517
185.0000000000 0.8994080948
186.0000000000 0.9030437923
187.0000000000 0.9045753550
188.0000000000 0.9064329774
189.0000000000 0.9055556767
190.0000000000 0.9096536189
191.0000000000 0.9081246435
192.0000000000 0.9132464019
193.0000000000 0.9154977800
194.0000000000 0.9155121403
195.0000000000 0.9174933956
196.0000000000 0.9222442884
197.0000000000 0.9228478482
198.0000000000 0.9266382169
199.0000000000 0.9270567773
200.0000000000 0.9297390797
201.0000000000 0.9276453494
202.0000000000 0.9251009583
203.0000000000 0.9240023988
204.0000000000 0.9238120873
205.0000000000 0.9193592286
206.0000000000 0.9173393617
207.0000000000 0.9173892773
208.0000000000 0.9149930527
209.0000000000 0.9123949788
210.0000000000 0.9121950340
211.0000000000 0.9091295704
212.0000000000 0.9091390227
213.0000000000 0.9084400317
214.0000000000 0.9060685632
215.0000000000 0.9040398662
216.0000000000 0.9037455385
217.0000000000 0.9007049071
218.0000000000 0.9003772326
219.0000000000 0.8966436042
220.0000000000 0.8937890967
221.0000000000 0.8943284482
222.0000000000 0.8907389255
223.0000000000 0.8901730137
224.0000000000 0.8863854998
225.0000000000 0.8844354265
226.0000000000 0.8833689580
227.0000000000 0.8807871050
228.0000000000 0.8809791162
229.0000000000 0.8779368690
230.0000000000 0.8766293869
231.0000000000 0.8757596858
232.0000000000 0.8750333315
233.0000000000 0.8739700631
234.0000000000 0.8727129586
235.0000000000 0.8704873879
236.0000000000 0.8699760469
237.0000000000 0.8686381580
238.0000000000 0.8662483572
239.0000000000 0.8666537440
240.0000000000 0.8654496373
241.0000000000 0.8606188871
242.0000000000 0.8595355035
243.0000000000 0.8588092526
244.0000000000 0.8571007321
245.0000000000 0.8586399312
246.0000000000 0.8550682476
247.0000000000 0.8563685211
248.0000000000 0.8541036841
249.0000000000 0.8531901349
250.0000000000 0.8521681710
251.0000000000 0.8521583517
252.0000000000 0.8521251304
253.0000000000 0.8506261759
254.0000000000 0.8483948370
255.0000000000 0.8491950145
256.0000000000 0.8462990948
257.0000000000 0.8469089156
258.0000000000 0.8451341857
259.0000000000 0.8448935338
260.0000000000 0.8449906140
261.0000000000 0.8451056925
262.0000000000 0.8424720821
263.0000000000 0.8432031987
264.0000000000 0.8425475088
265.0000000000 0.8434096949
266.0000000000 0.8417313567
267.0000000000 0.8413615692
268.0000000000 0.8421755817
269.0000000000 0.8416992121
270.0000000000 0.8419908382
271.0000000000 0.8421325012
272.0000000000 0.8417350627
273.0000000000 0.8411714739
274.0000000000 0.8408657314
275.0000000000 0.8414528907
276.0000000000 0.8418875773
277.0000000000 0.8410210350
278.0000000000 0.8418362176
279.0000000000 0.8418991177
280.0000000000 0.8434150625
281.0000000000 0.8429673718
282.0000000000 0.8430623379
283.0000000000 0.8445389853
284.0000000000 0.8452362276
285.0000000000 0.8460255933
286.0000000000 0.8468555327
287.0000000000 0.8489393556
288.0000000000 0.8496320278
289.0000000000 0.8498442481
290.0000000000 0.8507508787
291.0000000000 0.8518804951
292.0000000000 0.8533511115
293.0000000000 0.8542284376
294.0000000000 0.8554887134
295.0000000000 0.8575124442
296.0000000000 0.8594320840
297.0000000000 0.8608937329
298.0000000000 0.8625560216
299.0000000000 0.8641221252
300.0000000000 0.8660670972
301.0000000000 0.8637576271
302.0000000000 0.8615498528
303.0000000000 0.8592728926
304.0000000000 0.8577333032
305.0000000000 0.8562971304
306.0000000000 0.8538227109
307.0000000000 0.8518792348
308.0000000000 0.8512556993
309.0000000000 0.8503148400
310.0000000000 0.8485228929
311.0000000000 0.8469344306
312.0000000000 0.8465353590
313.0000000000 0.8446473361
314.0000000000 0.8435738303
315.0000000000 0.8420811341
316.0000000000 0.8421127935
317.0000000000 0.8399421698
318.0000000000 0.8386407789
319.0000000000 0.8390325440
320.0000000000 0.8380112286
321.0000000000 0.8371363351
322.0000000000 0.8372655755
323.0000000000 0.8359899537
324.0000000000 0.8356739877
325.0000000000 0.8351751511
326.0000000000 0.8345675360
327.0000000000 0.8350949796
328.0000000000 0.8347799737
329.0000000000 0.8333940362
330.0000000000 0.8359691438
331.0000000000 0.8340731252
332.0000000000 0.8338097907
333.0000000000 0.8331618631
334.0000000000 0.8340052554
335.0000000000 0.8352045658
336.0000000000 0.8349405004
337.0000000000 0.8362768721
338.0000000000 0.8369966957
339.0000000000 0.8383044032
340.0000000000 0.8375048512
341.0000000000 0.8374382918
342.0000000000 0.8371060135
343.0000000000 0.8390871660
344.0000000000 0.8372375414
345.0000000000 0.8386914988
346.0000000000 0.8404137790
347.0000000000 0.8418184163
348.0000000000 0.8434305549
349.0000000000 0.8446991321
350.0000000000 0.8446539709
351.0000000000 0.8451855528
352.0000000000 0.8460411734
353.0000000000 0.8482707857
354.0000000000 0.8472019847
355.0000000000 0.8497979231
356.0000000000 0.8499196872
357.0000000000 0.8512075838
358.0000000000 0.8528774525
359.0000000000 0.8550726703
360.0000000000 0.8557226231
361.0000000000 0.8597236098
362.0000000000 0.8577657118
363.0000000000 0.8606067201
364.0000000000 0.8604835966
365.0000000000 0.8630580018
366.0000000000 0.8629643775
367.0000000000 0.8657537853
368.0000000000 0.8645806433
369.0000000000 0.8681706760
370.0000000000 0.8709907448
371.0000000000 0.8729823792
372.0000000000 0.8752716231
373.0000000000 0.8758978309
374.0000000000 0.8777694264
375.0000000000 0.8815996607
376.0000000000 0.8806992077
377.0000000000 0.8801888699
378.0000000000 0.8849430403
379.0000000000 0.8876703228
380.0000000000 0.8881977873
381.0000000000 0.8917573122
382.0000000000 0.8909570718
383.0000000000 0.8914136109
384.0000000000 0.8954069388
385.0000000000 0.8975617006
386.0000000000 0.8996682058
387.0000000000 0.8993404584
388.0000000000 0.9049413403
389.0000000000 0.9054154585
390.0000000000 0.9076810630
391.0000000000 0.9093495218
392.0000000000 0.9117333900
393.0000000000 0.9132911181
394.0000000000 0.9147518215
395.0000000000 0.9156760561
396.0000000000 0.9211193063
397.0000000000 0.9207263847
398.0000000000 0.9217412971
399.0000000000 0.9237838516
400.0000000000 0.9278056148
401.0000000000 0.9238632153
402.0000000000 0.9227914447
403.0000000000 0.9207866389
404.0000000000 0.9191807194
405.0000000000 0.9170733613
406.0000000000 0.9149788003
407.0000000000 0.9128189120
408.0000000000 0.9110094988
409.0000000000 0.9114566281
410.0000000000 0.9090351534
411.0000000000 0.9070098701
412.0000000000 0.9059969463
413.0000000000 0.9023738507
414.0000000000 0.9009804457
415.0000000000 0.9015024529
416.0000000000 0.8973905886
417.0000000000 0.8953888663
418.0000000000 0.8952588385
419.0000000000 0.8918756895
420.0000000000 0.8902421541
421.0000000000 0.8867175901
422.0000000000 0.8850452043
423.0000000000 0.8827091431
424.0000000000 0.8836511426
425.0000000000 0.8825897409
426.0000000000 0.8791790751
427.0000000000 0.8781457581
428.0000000000 0.8758488783
429.0000000000 0.8734486177
430.0000000000 0.8715568671
431.0000000000 0.8732491364
432.0000000000 0.8696930889
433.0000000000 0.8691417436
434.0000000000 0.8671757199
435.0000000000 0.8646666585
436.0000000000 0.8666146859
437.0000000000 0.8627667019
438.0000000000 0.8621375523
439.0000000000 0.8601243098
440.0000000000 0.8584264979
441.0000000000 0.8555793820
442.0000000000 0.8557321810
443.0000000000 0.8532918654
444.0000000000 0.8509363466
445.0000000000 0.8502422081
446.0000000000 0.8513573424
447.0000000000 0.8501566085
448.0000000000 0.8475070164
449.0000000000 0.8483705035
450.0000000000 0.8467042235
451.0000000000 0.8476544730
452.0000000000 0.8465693448
453.0000000000 0.8424527448
454.0000000000 0.8409511604
455.0000000000 0.8413392277
456.0000000000 0.8389996869
457.0000000000 0.8394831665
458.0000000000 0.8390681625
459.0000000000 0.8380631312
460.0000000000 0.8383739908
461.0000000000 0.8375774992
462.0000000000 0.8369177697
463.0000000000 0.8351847974
464.0000000000 0.8356514943
465.0000000000 0.8348668132
466.0000000000 0.8347769556
467.0000000000 0.8342971252
468.0000000000 0.8336698925
469.0000000000 0.8349494213
470.0000000000 0.8335642860
471.0000000000 0.8355417213
472.0000000000 0.8323685988
473.0000000000 0.8344195114
474.0000000000 0.8338694740
475.0000000000 0.8330864120
476.0000000000 0.8333264493
477.0000000000 0.8332806298
478.0000000000 0.8341102005
479.0000000000 0.8342402422
480.0000000000 0.8350140732
481.0000000000 0.8349148404
482.0000000000 0.8364403413
483.0000000000 0.8366777230
484.0000000000 0.8384042428
485.0000000000 0.8394260568
486.0000000000 0.8395395804
487.0000000000 0.8415644988
488.0000000000 0.8428442518
489.0000000000 0.8418654510
490.0000000000 0.8429603615
491.0000000000 0.8445267836
492.0000000000 0.8453404516
493.0000000000 0.8460833762
494.0000000000 0.8483982996
495.0000000000 0.8497162438
496.0000000000 0.8512657892
497.0000000000 0.8533229148
498.0000000000 0.8546449331
499.0000000000 0.8562542962
500.0000000000 0.8583829011
501.0000000000 0.8562699318
502.0000000000 0.8538203059
503.0000000000 0.8519796528
504.0000000000 0.8499454968
505.0000000000 0.8487022930
506.0000000000 0.8467150891
507.0000000000 0.8440944439
508.0000000000 0.8424861035
509.0000000000 0.8426864657
510.0000000000 0.8399399099
511.0000000000 0.8388431770
512.0000000000 0.8388042538
513.0000000000 0.8375762838
514.0000000000 0.8349147722
515.0000000000 0.8344169691
516.0000000000 0.8335790191
517.0000000000 0.8325350327
518.0000000000 0.8314965610
519.0000000000 0.8304475521
520.0000000000 0.8296634367
521.0000000000 0.8292573907
522.0000000000 0.8278477276
523.0000000000 0.8275830657
524.0000000000 0.8268642507
525.0000000000 0.8265884367
526.0000000000 0.8249153061
527.0000000000 0.8254315699
528.0000000000 0.8247127299
529.0000000000 0.8248306977
530.0000000000 0.8249524756
531.0000000000 0.8256461289
532.0000000000 0.8253947981
533.0000000000 0.8246838082
534.0000000000 0.8264322295
535.0000000000 0.8261697788
536.0000000000 0.8256214465
537.0000000000 0.8273680509
538.0000000000 0.8275751137
539.0000000000 0.8285299635
540.0000000000 0.8291531730
541.0000000000 0.8295700927
542.0000000000 0.8303838336
543.0000000000 0.8305325196
544.0000000000 0.8305974550
545.0000000000 0.8325084514
546.0000000000 0.8298870900
547.0000000000 0.8329647385
548.0000000000 0.8343656702
549.0000000000 0.8365325417
550.0000000000 0.8347697294
551.0000000000 0.8389369507
552.0000000000 0.8390324731
553.0000000000 0.8383689417
554.0000000000 0.8391001381
555.0000000000 0.8404804112
556.0000000000 0.8408654313
557.0000000000 0.8440716876
558.0000000000 0.8443712175
559.0000000000 0.8449690163
560.0000000000 0.8479905051
561.0000000000 0.8503686442
562.0000000000 0.8509256881
563.0000000000 0.8514392342
564.0000000000 0.8521712861
565.0000000000 0.8550983121
566.0000000000 0.8550766631
567.0000000000 0.8583843995
568.0000000000 0.8579347617
569.0000000000 0.8611504122
570.0000000000 0.8629036585
571.0000000000 0.8640343779
572.0000000000 0.8661475182
573.0000000000 0.8663139971
574.0000000000 0.8705183642
575.0000000000 0.8727991871
576.0000000000 0.8722341363
577.0000000000 0.8750372925
578.0000000000 0.8753691769
579.0000000000 0.8790640526
580.0000000000 0.8796167691
581.0000000000 0.8819069929
582.0000000000 0.8849450748
583.0000000000 0.8847526264
584.0000000000 0.8900991079
585.0000000000 0.8893922066
586.0000000000 0.8925949495
587.0000000000 0.8930848237
588.0000000000 0.8968501330
589.0000000000 0.8981158747
590.0000000000 0.8986725980
591.0000000000 0.9052266133
592.0000000000 0.9054698831
593.0000000000 0.9057703796
594.0000000000 0.9098031673
595.0000000000 0.9120598599
596.0000000000 0.9134181902
597.0000000000 0.9159980561
598.0000000000 0.9171186795
599.0000000000 0.9183576472
600.0000000000 0.9213000426
601.0000000000 0.9180584706
602.0000000000 0.9178892700
603.0000000000 0.9150616933
604.0000000000 0.9139929621
605.0000000000 0.9119569918
606.0000000000 0.9095083343
607.0000000000 0.9058173865
608.0000000000 0.9068801143
609.0000000000 0.9036345105
610.0000000000 0.9031566371
611.0000000000 0.9014787312
612.0000000000 0.9007733789
613.0000000000 0.8985874623
614.0000000000 0.8955190221
615.0000000000 0.8929420463
616.0000000000 0.8892491854
617.0000000000 0.8878103240
618.0000000000 0.8855637781
619.0000000000 0.8834005137
620.0000000000 0.8815887621
621.0000000000 0.8788362532
622.0000000000 0.8770310685
623.0000000000 0.8760202339
624.0000000000 0.8743722921
625.0000000000 0.8695372840
626.0000000000 0.8718505450
627.0000000000 0.8698722770
628.0000000000 0.8674010946
629.0000000000 0.8639447538
630.0000000000 0.8645265846
631.0000000000 0.8611060997
632.0000000000 0.8592362706
633.0000000000 0.8596585361
634.0000000000 0.8583250418
635.0000000000 0.8565145105
636.0000000000 0.8556507616
637.0000000000 0.8534541836
638.0000000000 0.8518089972
639.0000000000 0.8519078303
640.0000000000 0.8488256475
641.0000000000 0.8472334503
642.0000000000 0.8461605517
643.0000000000 0.8449089518
644.0000000000 0.8428265395
645.0000000000 0.8419758564
646.0000000000 0.8398272788
647.0000000000 0.8401421125
648.0000000000 0.8389572983
649.0000000000 0.8373162886
650.0000000000 0.8349413728
651.0000000000 0.8355235735
652.0000000000 0.8335266175
653.0000000000 0.8326495728
654.0000000000 0.8315702385
655.0000000000 0.8300454483
656.0000000000 0.8292822758
657.0000000000 0.8305145432
658.0000000000 0.8272855234
659.0000000000 0.8280826922
660.0000000000 0.8274848304
661.0000000000 0.8272898521
662.0000000000 0.8260136563
663.0000000000 0.8273416690
664.0000000000 0.8247448243
665.0000000000 0.8243014736
666.0000000000 0.8257262305
667.0000000000 0.8241795952
668.0000000000 0.8231901624
669.0000000000 0.8241771639
670.0000000000 0.8251251441
671.0000000000 0.8234198698
672.0000000000 0.8245017996
673.0000000000 0.8228972448
674.0000000000 0.8232746465
675.0000000000 0.8239237996
676.0000000000 0.8239746675
677.0000000000 0.8228845104
678.0000000000 0.8242781002
679.0000000000 0.8246911301
680.0000000000 0.8242907949
681.0000000000 0.8248091603
682.0000000000 0.8259225569
683.0000000000 0.8258975066
684.0000000000 0.8267599896
685.0000000000 0.8287430731
686.0000000000 0.8286560545
687.0000000000 0.8304897587
688.0000000000 0.8318384459
689.0000000000 0.8314367713
690.0000000000 0.8323054049
691.0000000000 0.8340913453
692.0000000000 0.8347752583
693.0000000000 0.8366324391
694.0000000000 0.8374323457
695.0000000000 0.8400553368
696.0000000000 0.8411649154
697.0000000000 0.8432679730
698.0000000000 0.8450803929
700.0000000000 0.8471240827
